ticker,name,price,close_raw,sector,industry,change_pct,rec_score,mfc_score,held_percent_insiders,low_float,short_squeeze,ai_momentum,rsi,phase,mfc_breakdown,short_interest_adj,short_interest_change,short_interest_ratio,rating,advice_short,stoch_golden,obv_trend,bollinger,ma_alignment,deviation_pct,scalping_bonus,adl_trend,adl_val,eps_growth,revenue_growth,gross_margin,operating_margin,free_cashflow,tags,factors,audit_info,ai_prediction,actionScore,recommendation,predictedResult,ai_confidence,gap_pct,volume_surge,volume_surge_projected,near_52w_high,premarket_active
005930.KS,SamsungElec,"239,500원",239500.0,Technology,Consumer Electronics,4.13,82.6,51.9,0.0967,False,False,False,45.5,Accumulation,"{'trend': 48.0, 'momentum': 67.0, 'flow': 37.0, 'volatility': 23, 'structure': 65.0, 'momentum_quality': 34.4, 'insider': 50.0}",2.0,,0.0,Tactical Hold,매도 우위 (하방 경계 - 바닥 탐색 진행 중),True,상승,하단,혼합,-2.0,10.0,하락,-134063150.09697397,13.551,1.299,0.57488,0.52187,56693408923648.0,"[{'text': '매집 구간', 'cls': 'positive'}, {'text': 'Stoch 골든크로스', 'cls': 'positive'}, {'text': 'OBV 상승', 'cls': 'positive'}, {'text': '📈 EPS 반등/턴어라운드', 'cls': 'positive'}, {'text': '🚀 매출 고성장', 'cls': 'positive'}]","{'mfc': 52, 'wyckoff': 100, 'stochastic': 51.792572958559546, 'obv': 75, 'bollinger': 100, 'momentum_quality': 34.4, 'regime_score': 50, 'rr_score': 100, 'base_tech': np.float64(64.5)}","{'base_tech_score': np.float64(64.5), 'insider_bonus': 0.0, 'deviation_penalty': 0.0, 'blowoff_penalty': 0.0, 'short_excessive_penalty': 0.0, 'weekly_penalty': 0.0, 'resistance_penalty': 0.0, 'rr_penalty': 0.0, 'cmf_confluence_val': -6, 'penny_penalty': 0.0, 'penny_non_acc_penalty': 0.0, 'scalping_bonus': 10.0, 'fund_penalty': -25.0, 'macd_reversal_bonus': 0.0, 'sector_rs_bonus': 0.0, 'confluence_bonus': 0.0, 'short_squeeze_bonus': 0.0, 'ai_momentum_bonus': 0.0}",N/A,,,,,4.13,0.59,0.67,False,False
329180.KS,HD HYUNDAI HEAVY INDUSTRIES,"506,000원",506000.0,Industrials,Aerospace & Defense,-4.89,74.9,65.4,0.69276,False,False,False,49.3,Accumulation,"{'trend': 55.0, 'momentum': 70.5, 'flow': 89.0, 'volatility': 43, 'structure': 75.0, 'momentum_quality': 75.0, 'insider': 50.0}",2.0,,0.0,Aggressive Buy,매수 우위 (분할 매수 - 바닥 확인 후 모멘텀 턴어라운드),False,상승,상단,골든크로스 진행,5.6,5.0,상승,-450425.64246923686,1.722,0.548,0.17803,0.15303001,1406698127360.0,"[{'text': '매집 구간', 'cls': 'positive'}, {'text': '⚠️ 주봉 역배열(하락추세)', 'cls': 'negative'}, {'text': '📊 VWAP 상회 주의', 'cls': 'neutral'}, {'text': 'OBV 상승', 'cls': 'positive'}, {'text': '📈 EPS 반등/턴어라운드', 'cls': 'positive'}, {'text': '🚀 매출 고성장', 'cls': 'positive'}]","{'mfc': 65, 'wyckoff': 100, 'stochastic': 41.612552563019065, 'obv': 75, 'bollinger': 0, 'momentum_quality': 75.0, 'regime_score': 50, 'rr_score': 100, 'base_tech': np.float64(66.1)}","{'base_tech_score': np.float64(66.1), 'insider_bonus': 0.0, 'deviation_penalty': 0.0, 'blowoff_penalty': 0.0, 'short_excessive_penalty': 0.0, 'weekly_penalty': 10, 'resistance_penalty': 0.0, 'rr_penalty': 0.0, 'cmf_confluence_val': 0.0, 'penny_penalty': 0.0, 'penny_non_acc_penalty': 0.0, 'scalping_bonus': 5.0, 'fund_penalty': -25.0, 'macd_reversal_bonus': 0.0, 'sector_rs_bonus': 0.0, 'confluence_bonus': 0.0, 'short_squeeze_bonus': 0.0, 'ai_momentum_bonus': 0.0}",N/A,,,,,-4.89,0.46,0.52,False,False
035720.KS,Kakao,"40,800원",40800.0,Communication Services,Internet Content & Information,3.16,73.5,73.2,0.29798,False,False,False,66.0,Markup,"{'trend': 68.0, 'momentum': 90.0, 'flow': 100, 'volatility': 33, 'structure': 80.0, 'momentum_quality': 98.2, 'insider': 50.0}",2.0,,0.0,Tactical Overweight,매수 우위 (강력 매수 - 다중지표 강세 컨플루언스 확인),True,상승,상단 돌파,골든크로스 진행,10.7,10.0,상승,-56686124.6663164,-0.001,0.111,0.93983,0.10885,3133942005760.0,"[{'text': '상승 추세', 'cls': 'positive'}, {'text': '⚠️ 주봉 역배열(하락추세)', 'cls': 'negative'}, {'text': '🔥 Accumulation Confluence (CMF+ADL)', 'cls': 'positive'}, {'text': 'Stoch 골든크로스', 'cls': 'positive'}, {'text': 'OBV 상승', 'cls': 'positive'}, {'text': '📉 AI 예상: +0.0%', 'cls': 'negative'}]","{'mfc': 73, 'wyckoff': 80, 'stochastic': 61.62345279992337, 'obv': 75, 'bollinger': 0, 'momentum_quality': 98.2, 'regime_score': 50, 'rr_score': 100, 'base_tech': np.float64(71.1)}","{'base_tech_score': np.float64(71.1), 'insider_bonus': 0.0, 'deviation_penalty': 0.0, 'blowoff_penalty': 0.0, 'short_excessive_penalty': 0.0, 'weekly_penalty': 10, 'resistance_penalty': 0.0, 'rr_penalty': 0.0, 'cmf_confluence_val': 0.0, 'penny_penalty': 0.0, 'penny_non_acc_penalty': 0.0, 'scalping_bonus': 10.0, 'fund_penalty': -3.0, 'macd_reversal_bonus': 0.0, 'sector_rs_bonus': 0.0, 'confluence_bonus': 0.0, 'short_squeeze_bonus': 0.0, 'ai_momentum_bonus': 0.0}",+0.00%,73.5,BUY,+0.00%,0.5,3.29,0.91,1.03,False,False
018260.KS,SAMSUNG SDS,"235,500원",235500.0,Technology,Information Technology Services,5.84,72.0,68.3,0.48995999,False,False,False,61.0,Markup,"{'trend': 60.0, 'momentum': 80.2, 'flow': 93.0, 'volatility': 23, 'structure': 80.0, 'momentum_quality': 92.2, 'insider': 50.0}",2.0,,0.0,Tactical Overweight,매수 우위 (강력 매수 - 다중지표 강세 컨플루언스 확인),False,상승,상단,골든크로스 진행,12.7,10.0,상승,2517403.3091026098,-0.563,-0.039,0.13934,0.02337,608246824960.0,"[{'text': '상승 추세', 'cls': 'positive'}, {'text': '📊 VWAP 상회 주의', 'cls': 'neutral'}, {'text': 'OBV 상승', 'cls': 'positive'}, {'text': '🚨 EPS 급락(-56%)', 'cls': 'negative'}, {'text': '📉 AI 예상: +0.0%', 'cls': 'negative'}]","{'mfc': 68, 'wyckoff': 80, 'stochastic': 40.481955950859856, 'obv': 75, 'bollinger': 0, 'momentum_quality': 92.2, 'regime_score': 50, 'rr_score': 100, 'base_tech': np.float64(66.0)}","{'base_tech_score': np.float64(66.0), 'insider_bonus': 0.0, 'deviation_penalty': 0.0, 'blowoff_penalty': 0.0, 'short_excessive_penalty': 0.0, 'weekly_penalty': 0.0, 'resistance_penalty': 0.0, 'rr_penalty': 0.0, 'cmf_confluence_val': 0.0, 'penny_penalty': 0.0, 'penny_non_acc_penalty': 0.0, 'scalping_bonus': 10.0, 'fund_penalty': 20.0, 'macd_reversal_bonus': 0.0, 'sector_rs_bonus': 0.0, 'confluence_bonus': 0.0, 'short_squeeze_bonus': 0.0, 'ai_momentum_bonus': 0.0}",+0.00%,72.0,BUY,+0.00%,0.5,6.4,0.49,0.55,False,False
000720.KS,HyundaiEng&Const,"113,300원",113300.0,Industrials,Engineering & Construction,2.44,71.4,65.3,0.34928,False,False,False,55.4,Markup,"{'trend': 55.0, 'momentum': 82.0, 'flow': 97.0, 'volatility': 3, 'structure': 80.0, 'momentum_quality': 82.8, 'insider': 50.0}",2.0,,0.0,Tactical Overweight,매수 우위 (강력 매수 - 다중지표 강세 컨플루언스 확인),False,상승,상단,골든크로스 진행,12.8,10.0,상승,-5962871.483523557,0.441,-0.158,0.06598,0.030580001,-1391086927872.0,"[{'text': '상승 추세', 'cls': 'positive'}, {'text': '⚠️ 주봉 역배열(하락추세)', 'cls': 'negative'}, {'text': '📊 VWAP 상회 주의', 'cls': 'neutral'}, {'text': '🔥 Accumulation Confluence (CMF+ADL)', 'cls': 'positive'}, {'text': 'OBV 상승', 'cls': 'positive'}, {'text': '📈 EPS 반등/턴어라운드', 'cls': 'positive'}, {'text': '⚠️ 매출 감소(-16%)', 'cls': 'negative'}, {'text': '📉 AI 예상: +0.0%', 'cls': 'negative'}]","{'mfc': 65, 'wyckoff': 80, 'stochastic': 45.884192253871205, 'obv': 75, 'bollinger': 0, 'momentum_quality': 82.8, 'regime_score': 50, 'rr_score': 100, 'base_tech': np.float64(64.2)}","{'base_tech_score': np.float64(64.2), 'insider_bonus': 0.0, 'deviation_penalty': 0.0, 'blowoff_penalty': 0.0, 'short_excessive_penalty': 0.0, 'weekly_penalty': 10, 'resistance_penalty': 0.0, 'rr_penalty': 0.0, 'cmf_confluence_val': 0.0, 'penny_penalty': 0.0, 'penny_non_acc_penalty': 0.0, 'scalping_bonus': 10.0, 'fund_penalty': -2.0, 'macd_reversal_bonus': 0.0, 'sector_rs_bonus': 0.0, 'confluence_bonus': 0.0, 'short_squeeze_bonus': 0.0, 'ai_momentum_bonus': 0.0}",+0.00%,71.4,BUY,+0.00%,0.5,2.44,0.69,0.78,False,False
032830.KS,SAMSUNG LIFE,"287,500원",287500.0,Financial Services,Insurance - Life,2.5,70.8,57.7,0.4984,False,False,False,43.3,Accumulation,"{'trend': 48.0, 'momentum': 60.5, 'flow': 84.0, 'volatility': 43, 'structure': 65.0, 'momentum_quality': 25.8, 'insider': 50.0}",2.0,,0.0,Tactical Hold,매도 우위 (하방 경계 - 바닥 탐색 진행 중),False,상승,하단,혼합,-4.1,10.0,상승,2498553.8366473406,0.895,0.593,0.6019,0.03263,-46419025068032.0,"[{'text': '매집 구간', 'cls': 'positive'}, {'text': 'OBV 상승', 'cls': 'positive'}, {'text': '📈 EPS 반등/턴어라운드', 'cls': 'positive'}, {'text': '🚀 매출 고성장', 'cls': 'positive'}, {'text': '📉 AI 예상: +0.0%', 'cls': 'negative'}]","{'mfc': 58, 'wyckoff': 100, 'stochastic': 48.854875283446745, 'obv': 75, 'bollinger': 100, 'momentum_quality': 25.8, 'regime_score': 50, 'rr_score': 100, 'base_tech': np.float64(64.9)}","{'base_tech_score': np.float64(64.9), 'insider_bonus': 0.0, 'deviation_penalty': 0.0, 'blowoff_penalty': 0.0, 'short_excessive_penalty': 0.0, 'weekly_penalty': 0.0, 'resistance_penalty': 0.0, 'rr_penalty': 0.0, 'cmf_confluence_val': 0.0, 'penny_penalty': 0.0, 'penny_non_acc_penalty': 0.0, 'scalping_bonus': 10.0, 'fund_penalty': -20.0, 'macd_reversal_bonus': 0.0, 'sector_rs_bonus': 0.0, 'confluence_bonus': 0.0, 'short_squeeze_bonus': 0.0, 'ai_momentum_bonus': 0.0}",+0.00%,70.8,BUY,+0.00%,0.5,2.85,0.38,0.44,False,False
010950.KS,S-Oil,"142,200원",142200.0,Energy,Oil & Gas Refining & Marketing,1.86,70.8,63.0,0.63437,False,False,False,59.9,Markup,"{'trend': 58.0, 'momentum': 70.6, 'flow': 77.0, 'volatility': 43, 'structure': 80.0, 'momentum_quality': 32.4, 'insider': 50.0}",2.0,,0.0,Tactical Overweight,매수 우위 (강력 매수 - 다중지표 강세 컨플루언스 확인),True,상승,상단,데드크로스 진행,4.9,10.0,상승,1914401.9964744293,,0.409,1.0,0.08507,,"[{'text': '상승 추세', 'cls': 'positive'}, {'text': 'Stoch 골든크로스', 'cls': 'positive'}, {'text': 'OBV 상승', 'cls': 'positive'}, {'text': '🚀 매출 고성장', 'cls': 'positive'}]","{'mfc': 63, 'wyckoff': 80, 'stochastic': 88.9190003011141, 'obv': 75, 'bollinger': 0, 'momentum_quality': 32.4, 'regime_score': 50, 'rr_score': 77.2, 'base_tech': np.float64(61.0)}","{'base_tech_score': np.float64(61.0), 'insider_bonus': 0.0, 'deviation_penalty': 0.0, 'blowoff_penalty': 0.0, 'short_excessive_penalty': 0.0, 'weekly_penalty': 0.0, 'resistance_penalty': 0.0, 'rr_penalty': 0.0, 'cmf_confluence_val': 0.0, 'penny_penalty': 0.0, 'penny_non_acc_penalty': 0.0, 'scalping_bonus': 10.0, 'fund_penalty': -10.0, 'macd_reversal_bonus': 0.0, 'sector_rs_bonus': 0.0, 'confluence_bonus': 0.0, 'short_squeeze_bonus': 0.0, 'ai_momentum_bonus': 0.0}",N/A,,,,,2.08,0.79,0.9,False,False
028260.KS,SAMSUNG C&T,"346,000원",346000.0,Industrials,Engineering & Construction,2.98,70.7,62.4,0.48700002,False,False,False,47.8,Markup,"{'trend': 60.0, 'momentum': 74.0, 'flow': 72.0, 'volatility': 23, 'structure': 80.0, 'momentum_quality': 69.4, 'insider': 50.0}",2.0,,0.0,Core Holding,매수 우위 (안정적 상승 추세 안착),True,상승,상단,골든크로스 진행,3.1,10.0,상승,-1763119.7906835405,0.152,0.075,0.18818001,0.06871,948216266752.0,"[{'text': '상승 추세', 'cls': 'positive'}, {'text': '📊 VWAP 상회 주의', 'cls': 'neutral'}, {'text': 'Stoch 골든크로스', 'cls': 'positive'}, {'text': 'OBV 상승', 'cls': 'positive'}, {'text': '📉 AI 예상: +0.0%', 'cls': 'negative'}]","{'mfc': 62, 'wyckoff': 80, 'stochastic': 57.29070654813228, 'obv': 75, 'bollinger': 0, 'momentum_quality': 69.4, 'regime_score': 50, 'rr_score': 100, 'base_tech': np.float64(62.5)}","{'base_tech_score': np.float64(62.5), 'insider_bonus': 0.0, 'deviation_penalty': 0.0, 'blowoff_penalty': 0.0, 'short_excessive_penalty': 0.0, 'weekly_penalty': 0.0, 'resistance_penalty': 0.0, 'rr_penalty': 0.0, 'cmf_confluence_val': 0.0, 'penny_penalty': 0.0, 'penny_non_acc_penalty': 0.0, 'scalping_bonus': 10.0, 'fund_penalty': -5.0, 'macd_reversal_bonus': 0.0, 'sector_rs_bonus': 0.0, 'confluence_bonus': 0.0, 'short_squeeze_bonus': 0.0, 'ai_momentum_bonus': 0.0}",+0.00%,70.7,BUY,+0.00%,0.5,2.98,0.39,0.44,False,False
010120.KS,LS ELECTRIC,"202,500원",202500.0,Industrials,Electrical Equipment & Parts,-2.88,70.0,55.0,0.48534,False,False,False,50.5,Accumulation,"{'trend': 60.0, 'momentum': 70.4, 'flow': 44.0, 'volatility': 23, 'structure': 75.0, 'momentum_quality': 50.8, 'insider': 50.0}",2.0,,0.0,Tactical Hold,매도 우위 (하방 경계 - 바닥 탐색 진행 중),False,하락,상단,골든크로스 진행,5.2,5.0,상승,-8930119.52497236,0.725,0.334,0.21058,0.09189,-33207713792.0,"[{'text': '매집 구간', 'cls': 'positive'}, {'text': '📊 VWAP 상회 주의', 'cls': 'neutral'}, {'text': '📈 EPS 반등/턴어라운드', 'cls': 'positive'}, {'text': '🚀 매출 고성장', 'cls': 'positive'}]","{'mfc': 55, 'wyckoff': 100, 'stochastic': 48.75356125356127, 'obv': 25, 'bollinger': 0, 'momentum_quality': 50.8, 'regime_score': 50, 'rr_score': 100, 'base_tech': np.float64(53.7)}","{'base_tech_score': np.float64(53.7), 'insider_bonus': 0.0, 'deviation_penalty': 0.0, 'blowoff_penalty': 0.0, 'short_excessive_penalty': 0.0, 'weekly_penalty': 0.0, 'resistance_penalty': 0.0, 'rr_penalty': 0.0, 'cmf_confluence_val': 0.0, 'penny_penalty': 0.0, 'penny_non_acc_penalty': 0.0, 'scalping_bonus': 5.0, 'fund_penalty': -20.0, 'macd_reversal_bonus': 0.0, 'sector_rs_bonus': 0.0, 'confluence_bonus': 0.0, 'short_squeeze_bonus': 0.0, 'ai_momentum_bonus': 0.0}",N/A,,,,,-2.64,0.24,0.27,False,False
042700.KS,HANMISemi,"211,000원",211000.0,Technology,Semiconductor Equipment & Materials,2.68,69.4,47.8,0.55786,False,False,False,48.5,Accumulation,"{'trend': 5, 'momentum': 79.3, 'flow': 64.0, 'volatility': 3, 'structure': 65.0, 'momentum_quality': 73.2, 'insider': 50.0}",2.0,,0.0,Tactical Hold,"중립 대기 (방향성 탐색 중, 뚜렷한 주도력 부재)",True,상승,상단,역배열,1.6,10.0,하락,12145108.848296335,-0.652,-0.655,0.55638003,0.16613,81983864832.0,"[{'text': '매집 구간', 'cls': 'positive'}, {'text': '⚠️ 주봉 역배열(하락추세)', 'cls': 'negative'}, {'text': 'Stoch 골든크로스', 'cls': 'positive'}, {'text': 'OBV 상승', 'cls': 'positive'}, {'text': '🚨 EPS 급락(-65%)', 'cls': 'negative'}, {'text': '🚨 매출 강하락(-66%)', 'cls': 'negative'}, {'text': '📉 AI 예상: +0.0%', 'cls': 'negative'}]","{'mfc': 48, 'wyckoff': 100, 'stochastic': 71.91415948290984, 'obv': 75, 'bollinger': 0, 'momentum_quality': 73.2, 'regime_score': 50, 'rr_score': 100, 'base_tech': np.float64(63.3)}","{'base_tech_score': np.float64(63.3), 'insider_bonus': 0.0, 'deviation_penalty': 0.0, 'blowoff_penalty': 0.0, 'short_excessive_penalty': 0.0, 'weekly_penalty': 10, 'resistance_penalty': 0.0, 'rr_penalty': 0.0, 'cmf_confluence_val': 0.0, 'penny_penalty': 0.0, 'penny_non_acc_penalty': 0.0, 'scalping_bonus': 10.0, 'fund_penalty': 35.0, 'macd_reversal_bonus': 0.0, 'sector_rs_bonus': 0.0, 'confluence_bonus': 0.0, 'short_squeeze_bonus': 0.0, 'ai_momentum_bonus': 0.0}",+0.00%,69.4,BUY,+0.00%,0.5,2.68,0.27,0.31,False,False
138040.KS,Meritz Financial,"124,700원",124700.0,Financial Services,Capital Markets,0.97,69.2,72.2,0.58824,False,False,False,59.4,Markup,"{'trend': 65.0, 'momentum': 74.8, 'flow': 97.0, 'volatility': 73, 'structure': 80.0, 'momentum_quality': 63.3, 'insider': 50.0}",2.0,,0.0,Tactical Overweight,매수 우위 (강력 매수 - 다중지표 강세 컨플루언스 확인),False,상승,상단,혼합,4.0,0.0,상승,-3821186.7491915016,0.094,0.513,0.0,0.50723,,"[{'text': '상승 추세', 'cls': 'positive'}, {'text': '📊 VWAP 상회 주의', 'cls': 'neutral'}, {'text': '🔥 Accumulation Confluence (CMF+ADL)', 'cls': 'positive'}, {'text': 'OBV 상승', 'cls': 'positive'}, {'text': '🚀 매출 고성장', 'cls': 'positive'}]","{'mfc': 72, 'wyckoff': 80, 'stochastic': 48.179692329302206, 'obv': 75, 'bollinger': 0, 'momentum_quality': 63.3, 'regime_score': 50, 'rr_score': 55.6, 'base_tech': np.float64(63.9)}","{'base_tech_score': np.float64(63.9), 'insider_bonus': 0.0, 'deviation_penalty': 0.0, 'blowoff_penalty': 0.0, 'short_excessive_penalty': 0.0, 'weekly_penalty': 0.0, 'resistance_penalty': 0.0, 'rr_penalty': 0.0, 'cmf_confluence_val': 0.0, 'penny_penalty': 0.0, 'penny_non_acc_penalty': 0.0, 'scalping_bonus': 0.0, 'fund_penalty': -10.0, 'macd_reversal_bonus': 0.0, 'sector_rs_bonus': 0.0, 'confluence_bonus': 0.0, 'short_squeeze_bonus': 0.0, 'ai_momentum_bonus': 0.0}",N/A,,,,,1.13,0.57,0.64,False,False
068270.KS,Celltrion,"211,000원",211000.0,Healthcare,Biotechnology,4.98,68.6,72.4,0.36183998,False,False,False,74.8,Markup,"{'trend': 73.0, 'momentum': 85.8, 'flow': 93.0, 'volatility': 33, 'structure': 80.0, 'momentum_quality': 100, 'insider': 50.0}",2.0,,0.0,Core Holding,매수 우위 (안정적 상승 추세 안착),True,상승,상단 돌파,혼합,15.1,10.0,상승,-5821078.120698014,2.185,0.36,0.60687,0.28111,20776984576.0,"[{'text': '상승 추세', 'cls': 'positive'}, {'text': 'Stoch 골든크로스', 'cls': 'positive'}, {'text': 'OBV 상승', 'cls': 'positive'}, {'text': '📈 EPS 반등/턴어라운드', 'cls': 'positive'}, {'text': '🚀 매출 고성장', 'cls': 'positive'}, {'text': '📉 AI 예상: +0.0%', 'cls': 'negative'}]","{'mfc': 72, 'wyckoff': 80, 'stochastic': 53.400415589889434, 'obv': 75, 'bollinger': 0, 'momentum_quality': 100, 'regime_score': 50, 'rr_score': 53.6, 'base_tech': np.float64(70.1)}","{'base_tech_score': np.float64(70.1), 'insider_bonus': 0.0, 'deviation_penalty': 0.0, 'blowoff_penalty': 0.0, 'short_excessive_penalty': 0.0, 'weekly_penalty': 0.0, 'resistance_penalty': 0.0, 'rr_penalty': 0.0, 'cmf_confluence_val': 0.0, 'penny_penalty': 0.0, 'penny_non_acc_penalty': 0.0, 'scalping_bonus': 10.0, 'fund_penalty': -25.0, 'macd_reversal_bonus': 0.0, 'sector_rs_bonus': 0.0, 'confluence_bonus': 0.0, 'short_squeeze_bonus': 0.0, 'ai_momentum_bonus': 0.0}",+0.00%,68.6,BUY,+0.00%,0.5,5.22,1.04,1.18,False,False
298040.KS,HYOSUNG HEAVY,"2,841,000원",2841000.0,Industrials,Electrical Equipment & Parts,-3.17,68.4,56.1,0.43991002,True,False,False,51.2,Accumulation,"{'trend': 60.0, 'momentum': 78.5, 'flow': 40.0, 'volatility': 3, 'structure': 75.0, 'momentum_quality': 74.3, 'insider': 50.0}",2.0,,0.0,Aggressive Buy,매수 우위 (분할 매수 - 바닥 확인 후 모멘텀 턴어라운드),True,상승,상단,골든크로스 진행,8.4,5.0,하락,-587559.6135851848,-0.146,0.262,0.21256,0.09866,762905362432.0,"[{'text': '매집 구간', 'cls': 'positive'}, {'text': '📊 VWAP 상회 주의', 'cls': 'neutral'}, {'text': '💎 품절주 (Low Float)', 'cls': 'positive'}, {'text': 'Stoch 골든크로스', 'cls': 'positive'}, {'text': 'OBV 상승', 'cls': 'positive'}, {'text': '🚀 매출 고성장', 'cls': 'positive'}]","{'mfc': 56, 'wyckoff': 100, 'stochastic': 54.00184282082975, 'obv': 75, 'bollinger': 0, 'momentum_quality': 74.3, 'regime_score': 50, 'rr_score': 100, 'base_tech': np.float64(64.3)}","{'base_tech_score': np.float64(64.3), 'insider_bonus': 0.0, 'deviation_penalty': 0.0, 'blowoff_penalty': 0.0, 'short_excessive_penalty': 0.0, 'weekly_penalty': 0.0, 'resistance_penalty': 0.0, 'rr_penalty': 0.0, 'cmf_confluence_val': 0.0, 'penny_penalty': 0.0, 'penny_non_acc_penalty': 0.0, 'scalping_bonus': 5.0, 'fund_penalty': -10.0, 'macd_reversal_bonus': 0.0, 'sector_rs_bonus': 0.0, 'confluence_bonus': 0.0, 'short_squeeze_bonus': 0.0, 'ai_momentum_bonus': 0.0}",N/A,,,,,-3.1,0.48,0.54,False,False
005490.KS,POSCO Holdings,"327,500원",327500.0,Basic Materials,Steel,-2.53,67.3,70.0,3.0000001e-05,False,False,False,53.0,Markup,"{'trend': 63.0, 'momentum': 78.4, 'flow': 92.0, 'volatility': 53, 'structure': 80.0, 'momentum_quality': 82.6, 'insider': 50.0}",2.0,,0.0,Core Holding,매수 우위 (안정적 상승 추세 안착),True,상승,상단,골든크로스 진행,5.0,5.0,상승,-2031541.2842432852,2.856,0.097,0.07862,0.042529996,,"[{'text': '상승 추세', 'cls': 'positive'}, {'text': '⚠️ 주봉 역배열(하락추세)', 'cls': 'negative'}, {'text': '📊 VWAP 상회 주의', 'cls': 'neutral'}, {'text': '🔥 Accumulation Confluence (CMF+ADL)', 'cls': 'positive'}, {'text': 'Stoch 골든크로스', 'cls': 'positive'}, {'text': 'OBV 상승', 'cls': 'positive'}, {'text': '📈 EPS 반등/턴어라운드', 'cls': 'positive'}, {'text': '📉 AI 예상: +0.0%', 'cls': 'negative'}]","{'mfc': 70, 'wyckoff': 80, 'stochastic': 52.1505376344086, 'obv': 75, 'bollinger': 0, 'momentum_quality': 82.6, 'regime_score': 50, 'rr_score': 100, 'base_tech': np.float64(66.5)}","{'base_tech_score': np.float64(66.5), 'insider_bonus': 0.0, 'deviation_penalty': 0.0, 'blowoff_penalty': 0.0, 'short_excessive_penalty': 0.0, 'weekly_penalty': 10, 'resistance_penalty': 0.0, 'rr_penalty': 0.0, 'cmf_confluence_val': 0.0, 'penny_penalty': 0.0, 'penny_non_acc_penalty': 0.0, 'scalping_bonus': 5.0, 'fund_penalty': -15.0, 'macd_reversal_bonus': 0.0, 'sector_rs_bonus': 0.0, 'confluence_bonus': 0.0, 'short_squeeze_bonus': 0.0, 'ai_momentum_bonus': 0.0}",+0.00%,67.3,BUY,+0.00%,0.5,-2.68,0.36,0.41,False,False
207940.KS,SAMSUNG BIOLOGICS,"1,609,000원",1609000.0,Healthcare,Biotechnology,2.55,67.2,69.8,0.74373,False,False,False,64.5,Markup,"{'trend': 65.0, 'momentum': 87.2, 'flow': 97.0, 'volatility': 33, 'structure': 80.0, 'momentum_quality': 74.4, 'insider': 50.0}",2.0,,0.0,Tactical Overweight,매수 우위 (강력 매수 - 다중지표 강세 컨플루언스 확인),True,상승,상단,혼합,9.5,10.0,상승,-611003.6769523243,0.249,0.258,0.54861,0.46196997,1116873818112.0,"[{'text': '상승 추세', 'cls': 'positive'}, {'text': '🔥 Accumulation Confluence (CMF+ADL)', 'cls': 'positive'}, {'text': 'Stoch 골든크로스', 'cls': 'positive'}, {'text': 'OBV 상승', 'cls': 'positive'}, {'text': '🚀 매출 고성장', 'cls': 'positive'}, {'text': '📉 AI 예상: +0.0%', 'cls': 'negative'}]","{'mfc': 70, 'wyckoff': 80, 'stochastic': 70.72141736863045, 'obv': 75, 'bollinger': 0, 'momentum_quality': 74.4, 'regime_score': 50, 'rr_score': 47.2, 'base_tech': np.float64(67.5)}","{'base_tech_score': np.float64(67.5), 'insider_bonus': 0.0, 'deviation_penalty': 0.0, 'blowoff_penalty': 0.0, 'short_excessive_penalty': 0.0, 'weekly_penalty': 0.0, 'resistance_penalty': 0.0, 'rr_penalty': 0.0, 'cmf_confluence_val': 0.0, 'penny_penalty': 0.0, 'penny_non_acc_penalty': 0.0, 'scalping_bonus': 10.0, 'fund_penalty': -15.0, 'macd_reversal_bonus': 0.0, 'sector_rs_bonus': 0.0, 'confluence_bonus': 0.0, 'short_squeeze_bonus': 0.0, 'ai_momentum_bonus': 0.0}",+0.00%,67.2,BUY,+0.00%,0.5,2.68,0.78,0.88,False,False
066570.KS,LGELECTRONICS,"182,600원",182600.0,Technology,Consumer Electronics,-3.89,67.2,68.2,0.35312998,False,False,False,51.0,Markup,"{'trend': 60.0, 'momentum': 88.1, 'flow': 89.0, 'volatility': 23, 'structure': 80.0, 'momentum_quality': 79.0, 'insider': 50.0}",2.0,,0.0,Tactical Overweight,매수 우위 (강력 매수 - 다중지표 강세 컨플루언스 확인),True,상승,상단,골든크로스 진행,5.4,5.0,상승,5066599.6612598365,0.021,0.043,0.23743,0.070539996,2337128579072.0,"[{'text': '상승 추세', 'cls': 'positive'}, {'text': '📊 VWAP 상회 주의', 'cls': 'neutral'}, {'text': 'Stoch 골든크로스', 'cls': 'positive'}, {'text': 'OBV 상승', 'cls': 'positive'}, {'text': '📉 AI 예상: +0.0%', 'cls': 'negative'}]","{'mfc': 68, 'wyckoff': 80, 'stochastic': 66.69020051447913, 'obv': 75, 'bollinger': 0, 'momentum_quality': 79.0, 'regime_score': 50, 'rr_score': 100, 'base_tech': np.float64(67.1)}","{'base_tech_score': np.float64(67.1), 'insider_bonus': 0.0, 'deviation_penalty': 0.0, 'blowoff_penalty': 0.0, 'short_excessive_penalty': 0.0, 'weekly_penalty': 0.0, 'resistance_penalty': 0.0, 'rr_penalty': 0.0, 'cmf_confluence_val': 0.0, 'penny_penalty': 0.0, 'penny_non_acc_penalty': 0.0, 'scalping_bonus': 5.0, 'fund_penalty': 0.0, 'macd_reversal_bonus': 0.0, 'sector_rs_bonus': 0.0, 'confluence_bonus': 0.0, 'short_squeeze_bonus': 0.0, 'ai_momentum_bonus': 0.0}",+0.00%,67.2,BUY,+0.00%,0.5,-3.84,0.23,0.26,False,False
006400.KS,"SAMSUNG SDI CO.,LTD.","462,000원",462000.0,Industrials,Electrical Equipment & Parts,-4.05,67.1,65.1,0.22959,False,False,False,53.9,Markup,"{'trend': 68.0, 'momentum': 89.5, 'flow': 77.0, 'volatility': 3, 'structure': 80.0, 'momentum_quality': 92.4, 'insider': 50.0}",2.0,,0.0,Core Holding,매수 우위 (안정적 상승 추세 안착),True,상승,상단,골든크로스 진행,9.4,5.0,상승,-425714.7463261831,1.048,0.186,0.17543,0.054130003,,"[{'text': '상승 추세', 'cls': 'positive'}, {'text': '📊 VWAP 상회 주의', 'cls': 'neutral'}, {'text': 'Stoch 골든크로스', 'cls': 'positive'}, {'text': 'OBV 상승', 'cls': 'positive'}, {'text': '📈 EPS 반등/턴어라운드', 'cls': 'positive'}, {'text': '📉 AI 예상: +0.0%', 'cls': 'negative'}]","{'mfc': 65, 'wyckoff': 80, 'stochastic': 66.79374189334351, 'obv': 75, 'bollinger': 0, 'momentum_quality': 92.4, 'regime_score': 50, 'rr_score': 100, 'base_tech': np.float64(68.1)}","{'base_tech_score': np.float64(68.1), 'insider_bonus': 0.0, 'deviation_penalty': 0.0, 'blowoff_penalty': 0.0, 'short_excessive_penalty': 0.0, 'weekly_penalty': 0.0, 'resistance_penalty': 0.0, 'rr_penalty': 0.0, 'cmf_confluence_val': 0.0, 'penny_penalty': 0.0, 'penny_non_acc_penalty': 0.0, 'scalping_bonus': 5.0, 'fund_penalty': -18.0, 'macd_reversal_bonus': 0.0, 'sector_rs_bonus': 0.0, 'confluence_bonus': 0.0, 'short_squeeze_bonus': 0.0, 'ai_momentum_bonus': 0.0}",+0.00%,67.1,BUY,+0.00%,0.5,-3.95,0.48,0.54,False,False
316140.KS,WooriFinancialGroup,"34,100원",34100.0,Financial Services,Banks - Regional,2.25,66.7,64.2,0.0739,False,False,False,61.4,Markup,"{'trend': 73.0, 'momentum': 81.2, 'flow': 57.0, 'volatility': 33, 'structure': 65.0, 'momentum_quality': 100, 'insider': 50.0}",2.0,,0.0,Core Holding,매수 우위 (안정적 상승 추세 안착),False,상승,상단,혼합,6.2,10.0,하락,-40184215.0081001,0.074,0.378,0.0,0.42075002,,"[{'text': '상승 추세', 'cls': 'positive'}, {'text': 'OBV 상승', 'cls': 'positive'}, {'text': '🚀 매출 고성장', 'cls': 'positive'}, {'text': '📉 AI 예상: +0.0%', 'cls': 'negative'}]","{'mfc': 64, 'wyckoff': 80, 'stochastic': 49.25553985965838, 'obv': 75, 'bollinger': 0, 'momentum_quality': 100, 'regime_score': 50, 'rr_score': 48.8, 'base_tech': np.float64(66.8)}","{'base_tech_score': np.float64(66.8), 'insider_bonus': 0.0, 'deviation_penalty': 0.0, 'blowoff_penalty': 0.0, 'short_excessive_penalty': 0.0, 'weekly_penalty': 0.0, 'resistance_penalty': 0.0, 'rr_penalty': 0.0, 'cmf_confluence_val': 0.0, 'penny_penalty': 0.0, 'penny_non_acc_penalty': 0.0, 'scalping_bonus': 10.0, 'fund_penalty': -10.0, 'macd_reversal_bonus': 0.0, 'sector_rs_bonus': 0.0, 'confluence_bonus': 0.0, 'short_squeeze_bonus': 0.0, 'ai_momentum_bonus': 0.0}",+0.00%,66.7,BUY,+0.00%,0.5,2.25,0.71,0.81,False,False
003670.KS,POSCO FUTURE M,"157,200원",157200.0,Industrials,Electrical Equipment & Parts,-5.02,66.7,63.6,0.63187003,False,False,False,52.5,Markup,"{'trend': 68.0, 'momentum': 87.9, 'flow': 57.0, 'volatility': 43, 'structure': 80.0, 'momentum_quality': 100, 'insider': 50.0}",2.0,,0.0,Tactical Overweight,매수 우위 (강력 매수 - 다중지표 강세 컨플루언스 확인),True,상승,상단,골든크로스 진행,9.4,5.0,하락,-3242131.3486586306,-0.946,-0.104,0.088290006,0.02337,-1490102517760.0,"[{'text': '상승 추세', 'cls': 'positive'}, {'text': '⚠️ 주봉 역배열(하락추세)', 'cls': 'negative'}, {'text': 'Stoch 골든크로스', 'cls': 'positive'}, {'text': 'OBV 상승', 'cls': 'positive'}, {'text': '🚨 EPS 급락(-95%)', 'cls': 'negative'}, {'text': '⚠️ 매출 감소(-10%)', 'cls': 'negative'}, {'text': '📉 AI 예상: +0.0%', 'cls': 'negative'}]","{'mfc': 64, 'wyckoff': 80, 'stochastic': 51.08804772382445, 'obv': 75, 'bollinger': 0, 'momentum_quality': 100, 'regime_score': 50, 'rr_score': 100, 'base_tech': np.float64(66.8)}","{'base_tech_score': np.float64(66.8), 'insider_bonus': 0.0, 'deviation_penalty': 0.0, 'blowoff_penalty': 0.0, 'short_excessive_penalty': 0.0, 'weekly_penalty': 10, 'resistance_penalty': 0.0, 'rr_penalty': 0.0, 'cmf_confluence_val': 0.0, 'penny_penalty': 0.0, 'penny_non_acc_penalty': 0.0, 'scalping_bonus': 5.0, 'fund_penalty': 33.0, 'macd_reversal_bonus': 0.0, 'sector_rs_bonus': 0.0, 'confluence_bonus': 0.0, 'short_squeeze_bonus': 0.0, 'ai_momentum_bonus': 0.0}",+0.00%,66.7,BUY,+0.00%,0.5,-4.95,0.74,0.83,False,False
034020.KS,Doosan Enerbility,"78,400원",78400.0,Industrials,Specialty Industrial Machinery,-1.88,66.3,61.6,0.30894,False,False,False,53.7,Markup,"{'trend': 55.0, 'momentum': 80.9, 'flow': 84.0, 'volatility': 3, 'structure': 80.0, 'momentum_quality': 94.7, 'insider': 50.0}",2.0,,0.0,Core Holding,매수 우위 (안정적 상승 추세 안착),True,상승,상단,골든크로스 진행,11.0,5.0,상승,-43529332.4685069,,0.137,0.16447,0.054640003,119446126592.0,"[{'text': '상승 추세', 'cls': 'positive'}, {'text': '⚠️ 주봉 역배열(하락추세)', 'cls': 'negative'}, {'text': '📊 VWAP 상회 주의', 'cls': 'neutral'}, {'text': 'Stoch 골든크로스', 'cls': 'positive'}, {'text': 'OBV 상승', 'cls': 'positive'}, {'text': '📉 AI 예상: +0.0%', 'cls': 'negative'}]","{'mfc': 62, 'wyckoff': 80, 'stochastic': 52.54120973589224, 'obv': 75, 'bollinger': 0, 'momentum_quality': 94.7, 'regime_score': 50, 'rr_score': 100, 'base_tech': np.float64(65.5)}","{'base_tech_score': np.float64(65.5), 'insider_bonus': 0.0, 'deviation_penalty': 0.0, 'blowoff_penalty': 0.0, 'short_excessive_penalty': 0.0, 'weekly_penalty': 10, 'resistance_penalty': 0.0, 'rr_penalty': 0.0, 'cmf_confluence_val': 0.0, 'penny_penalty': 0.0, 'penny_non_acc_penalty': 0.0, 'scalping_bonus': 5.0, 'fund_penalty': -3.0, 'macd_reversal_bonus': 0.0, 'sector_rs_bonus': 0.0, 'confluence_bonus': 0.0, 'short_squeeze_bonus': 0.0, 'ai_momentum_bonus': 0.0}",+0.00%,66.3,BUY,+0.00%,0.5,-2.0,0.37,0.42,False,False
003550.KS,LG Corp.,"108,600원",108600.0,Technology,Consumer Electronics,0.93,62.7,71.5,0.43388,False,False,False,58.7,Markup,"{'trend': 68.0, 'momentum': 85.1, 'flow': 97.0, 'volatility': 33, 'structure': 80.0, 'momentum_quality': 84.0, 'insider': 50.0}",2.0,,0.0,Tactical Overweight,매수 우위 (강력 매수 - 다중지표 강세 컨플루언스 확인),True,상승,상단,골든크로스 진행,8.3,0.0,상승,3732859.10380636,-0.414,-0.07,0.15946001,0.22983,328094515200.0,"[{'text': '상승 추세', 'cls': 'positive'}, {'text': '📊 VWAP 상회 주의', 'cls': 'neutral'}, {'text': '🔥 Accumulation Confluence (CMF+ADL)', 'cls': 'positive'}, {'text': 'Stoch 골든크로스', 'cls': 'positive'}, {'text': 'OBV 상승', 'cls': 'positive'}, {'text': '⚠️ EPS 감소(-41%)', 'cls': 'negative'}, {'text': '⚠️ 매출 감소(-7%)', 'cls': 'negative'}, {'text': '📉 AI 예상: +0.0%', 'cls': 'negative'}]","{'mfc': 72, 'wyckoff': 80, 'stochastic': 57.27026921879862, 'obv': 75, 'bollinger': 0, 'momentum_quality': 84.0, 'regime_score': 50, 'rr_score': 100, 'base_tech': np.float64(67.9)}","{'base_tech_score': np.float64(67.9), 'insider_bonus': 0.0, 'deviation_penalty': 0.0, 'blowoff_penalty': 0.0, 'short_excessive_penalty': 0.0, 'weekly_penalty': 0.0, 'resistance_penalty': 0.0, 'rr_penalty': 0.0, 'cmf_confluence_val': 0.0, 'penny_penalty': 0.0, 'penny_non_acc_penalty': 0.0, 'scalping_bonus': 0.0, 'fund_penalty': 20.0, 'macd_reversal_bonus': 0.0, 'sector_rs_bonus': 0.0, 'confluence_bonus': 0.0, 'short_squeeze_bonus': 0.0, 'ai_momentum_bonus': 0.0}",+0.00%,62.7,BUY,+0.00%,0.5,1.02,0.23,0.26,False,False
105560.KS,KBFinancialGroup,"166,800원",166800.0,Financial Services,Banks - Regional,-2.85,61.1,63.0,0.026719999,False,False,False,47.9,Accumulation,"{'trend': 100, 'momentum': 49.1, 'flow': 37.0, 'volatility': 73, 'structure': 75.0, 'momentum_quality': 17.4, 'insider': 50.0}",2.0,,0.0,Aggressive Buy,매수 우위 (분할 매수 - 바닥 확인 후 모멘텀 턴어라운드),False,상승,하단,정배열,-2.4,5.0,하락,-21505416.62699323,0.17,0.185,0.0,0.58942,,"[{'text': '매집 구간', 'cls': 'positive'}, {'text': 'OBV 상승', 'cls': 'positive'}]","{'mfc': 63, 'wyckoff': 100, 'stochastic': 45.572817556163336, 'obv': 75, 'bollinger': 100, 'momentum_quality': 17.4, 'regime_score': 50, 'rr_score': 93.5, 'base_tech': np.float64(65.1)}","{'base_tech_score': np.float64(65.1), 'insider_bonus': 0.0, 'deviation_penalty': 0.0, 'blowoff_penalty': 0.0, 'short_excessive_penalty': 0.0, 'weekly_penalty': 0.0, 'resistance_penalty': 0.0, 'rr_penalty': 0.0, 'cmf_confluence_val': -6, 'penny_penalty': 0.0, 'penny_non_acc_penalty': 0.0, 'scalping_bonus': 5.0, 'fund_penalty': -8.0, 'macd_reversal_bonus': 0.0, 'sector_rs_bonus': 0.0, 'confluence_bonus': 0.0, 'short_squeeze_bonus': 0.0, 'ai_momentum_bonus': 0.0}",N/A,,,,,-2.77,0.53,0.6,False,False
267250.KS,HD HYUNDAI,"227,000원",227000.0,Energy,Oil & Gas Refining & Marketing,0.44,60.9,67.3,0.37120998,False,False,False,57.9,Markup,"{'trend': 76.0, 'momentum': 80.7, 'flow': 72.0, 'volatility': 23, 'structure': 80.0, 'momentum_quality': 62.5, 'insider': 50.0}",2.0,,0.0,Tactical Overweight,매수 우위 (강력 매수 - 다중지표 강세 컨플루언스 확인),True,상승,상단,골든크로스 진행,9.0,0.0,상승,-1732262.500465661,2.564,0.147,0.1593,0.14466,2783919472640.0,"[{'text': '상승 추세', 'cls': 'positive'}, {'text': '⚠️ 주봉 역배열(하락추세)', 'cls': 'negative'}, {'text': '📊 VWAP 상회 주의', 'cls': 'neutral'}, {'text': 'Stoch 골든크로스', 'cls': 'positive'}, {'text': 'OBV 상승', 'cls': 'positive'}, {'text': '📈 EPS 반등/턴어라운드', 'cls': 'positive'}]","{'mfc': 67, 'wyckoff': 80, 'stochastic': 61.17026117026118, 'obv': 75, 'bollinger': 0, 'momentum_quality': 62.5, 'regime_score': 50, 'rr_score': 100, 'base_tech': np.float64(63.7)}","{'base_tech_score': np.float64(63.7), 'insider_bonus': 0.0, 'deviation_penalty': 0.0, 'blowoff_penalty': 0.0, 'short_excessive_penalty': 0.0, 'weekly_penalty': 10, 'resistance_penalty': 0.0, 'rr_penalty': 0.0, 'cmf_confluence_val': 0.0, 'penny_penalty': 0.0, 'penny_non_acc_penalty': 0.0, 'scalping_bonus': 0.0, 'fund_penalty': -18.0, 'macd_reversal_bonus': 0.0, 'sector_rs_bonus': 0.0, 'confluence_bonus': 0.0, 'short_squeeze_bonus': 0.0, 'ai_momentum_bonus': 0.0}",N/A,,,,,0.22,0.39,0.45,False,False
042660.KS,Hanwha Ocean,"89,500원",89500.0,Industrials,Aerospace & Defense,-5.19,57.3,59.4,0.38009,False,False,False,49.2,Accumulation,"{'trend': 55.0, 'momentum': 69.5, 'flow': 57.0, 'volatility': 43, 'structure': 75.0, 'momentum_quality': 55.8, 'insider': 50.0}",2.0,,0.0,Tactical Hold,매도 우위 (하방 경계 - 바닥 탐색 진행 중),False,하락,상단,골든크로스 진행,4.8,5.0,상승,-35380602.66924439,1.318,0.021,0.15908,0.13741,-49345204224.0,"[{'text': '매집 구간', 'cls': 'positive'}, {'text': '⚠️ 주봉 역배열(하락추세)', 'cls': 'negative'}, {'text': '📊 VWAP 상회 주의', 'cls': 'neutral'}, {'text': '🔥 Accumulation Confluence (CMF+ADL)', 'cls': 'positive'}, {'text': '📈 EPS 반등/턴어라운드', 'cls': 'positive'}]","{'mfc': 59, 'wyckoff': 100, 'stochastic': 43.54178837451222, 'obv': 25, 'bollinger': 0, 'momentum_quality': 55.8, 'regime_score': 50, 'rr_score': 100, 'base_tech': np.float64(55.4)}","{'base_tech_score': np.float64(55.4), 'insider_bonus': 0.0, 'deviation_penalty': 0.0, 'blowoff_penalty': 0.0, 'short_excessive_penalty': 0.0, 'weekly_penalty': 10, 'resistance_penalty': 0.0, 'rr_penalty': 0.0, 'cmf_confluence_val': 0.0, 'penny_penalty': 0.0, 'penny_non_acc_penalty': 0.0, 'scalping_bonus': 5.0, 'fund_penalty': -10.0, 'macd_reversal_bonus': 0.0, 'sector_rs_bonus': 0.0, 'confluence_bonus': 0.0, 'short_squeeze_bonus': 0.0, 'ai_momentum_bonus': 0.0}",N/A,,,,,-5.19,0.5,0.56,False,False
047810.KS,KOREA AEROSPACE,"135,800원",135800.0,Industrials,Aerospace & Defense,-11.88,55.5,56.7,0.37561,False,False,False,45.6,Accumulation,"{'trend': 55.0, 'momentum': 61.1, 'flow': 83.0, 'volatility': 23, 'structure': 75.0, 'momentum_quality': 6.8, 'insider': 50.0}",2.0,,0.0,Tactical Hold,매도 우위 (하방 경계 - 바닥 탐색 진행 중),False,상승,하단,골든크로스 진행,-4.8,5.0,상승,-8769288.707253965,0.397,0.563,0.14119,0.06145,-1364682997760.0,"[{'text': '매집 구간', 'cls': 'positive'}, {'text': '⚠️ 주봉 역배열(하락추세)', 'cls': 'negative'}, {'text': 'OBV 상승', 'cls': 'positive'}, {'text': '🚀 매출 고성장', 'cls': 'positive'}]","{'mfc': 57, 'wyckoff': 100, 'stochastic': 39.374620522161514, 'obv': 75, 'bollinger': 100, 'momentum_quality': 6.8, 'regime_score': 50, 'rr_score': 94.4, 'base_tech': np.float64(60.6)}","{'base_tech_score': np.float64(60.6), 'insider_bonus': 0.0, 'deviation_penalty': 0.0, 'blowoff_penalty': 0.0, 'short_excessive_penalty': 0.0, 'weekly_penalty': 10, 'resistance_penalty': 0.0, 'rr_penalty': 0.0, 'cmf_confluence_val': 0.0, 'penny_penalty': 0.0, 'penny_non_acc_penalty': 0.0, 'scalping_bonus': 5.0, 'fund_penalty': -10.0, 'macd_reversal_bonus': 0.0, 'sector_rs_bonus': 0.0, 'confluence_bonus': 0.0, 'short_squeeze_bonus': 0.0, 'ai_momentum_bonus': 0.0}",N/A,,,,,-11.88,1.03,1.17,False,False
012330.KS,Mobis,"497,500원",497500.0,Consumer Cyclical,Auto Parts,-1.49,54.9,64.9,0.34228,False,False,False,50.6,Accumulation,"{'trend': 60.0, 'momentum': 76.7, 'flow': 72.0, 'volatility': 43, 'structure': 75.0, 'momentum_quality': 67.3, 'insider': 50.0}",2.0,,0.0,Aggressive Buy,매수 우위 (분할 매수 - 바닥 확인 후 모멘텀 턴어라운드),True,상승,상단,골든크로스 진행,3.2,0.0,상승,-1912343.1887532028,-0.145,0.055,0.14399,0.05158,1503803867136.0,"[{'text': '매집 구간', 'cls': 'positive'}, {'text': '📊 VWAP 상회 주의', 'cls': 'neutral'}, {'text': 'Stoch 골든크로스', 'cls': 'positive'}, {'text': 'OBV 상승', 'cls': 'positive'}]","{'mfc': 65, 'wyckoff': 100, 'stochastic': 52.183589497728065, 'obv': 75, 'bollinger': 0, 'momentum_quality': 67.3, 'regime_score': 50, 'rr_score': 100, 'base_tech': np.float64(66.1)}","{'base_tech_score': np.float64(66.1), 'insider_bonus': 0.0, 'deviation_penalty': 0.0, 'blowoff_penalty': 0.0, 'short_excessive_penalty': 0.0, 'weekly_penalty': 0.0, 'resistance_penalty': 0.0, 'rr_penalty': 0.0, 'cmf_confluence_val': 0.0, 'penny_penalty': 0.0, 'penny_non_acc_penalty': 0.0, 'scalping_bonus': 0.0, 'fund_penalty': 0.0, 'macd_reversal_bonus': 0.0, 'sector_rs_bonus': 0.0, 'confluence_bonus': 0.0, 'short_squeeze_bonus': 0.0, 'ai_momentum_bonus': 0.0}",N/A,,,,,-1.39,0.19,0.22,False,False
010130.KS,KOREA ZINC,"1,239,000원",1239000.0,Basic Materials,Other Industrial Metals & Mining,0.32,52.9,74.5,0.74599,True,False,False,61.2,Markup,"{'trend': 89.0, 'momentum': 96.7, 'flow': 86.0, 'volatility': 23, 'structure': 80.0, 'momentum_quality': 100, 'insider': 50.0}",2.0,,0.0,Tactical Overweight,매수 우위 (강력 매수 - 다중지표 강세 컨플루언스 확인),False,상승,상단 돌파,골든크로스 진행,18.6,0.0,상승,-14083.252657726902,1.182,0.584,0.12465,0.12287,-1099447795712.0,"[{'text': '상승 추세', 'cls': 'positive'}, {'text': '⚠️ 주봉 역배열(하락추세)', 'cls': 'negative'}, {'text': '⚠️ 장기 매물대(저항선) 충돌 위험', 'cls': 'negative'}, {'text': '💎 품절주 (Low Float)', 'cls': 'positive'}, {'text': 'OBV 상승', 'cls': 'positive'}, {'text': '📈 EPS 반등/턴어라운드', 'cls': 'positive'}, {'text': '🚀 매출 고성장', 'cls': 'positive'}]","{'mfc': 74, 'wyckoff': 80, 'stochastic': 45.13426792356924, 'obv': 75, 'bollinger': 0, 'momentum_quality': 100, 'regime_score': 50, 'rr_score': 92.7, 'base_tech': np.float64(69.9)}","{'base_tech_score': np.float64(69.9), 'insider_bonus': 0.0, 'deviation_penalty': 0.0, 'blowoff_penalty': 0.0, 'short_excessive_penalty': 0.0, 'weekly_penalty': 10, 'resistance_penalty': 15, 'rr_penalty': 0.0, 'cmf_confluence_val': 0.0, 'penny_penalty': 0.0, 'penny_non_acc_penalty': 0.0, 'scalping_bonus': 0.0, 'fund_penalty': -20.0, 'macd_reversal_bonus': 0.0, 'sector_rs_bonus': 0.0, 'confluence_bonus': 0.0, 'short_squeeze_bonus': 0.0, 'ai_momentum_bonus': 0.0}",N/A,,,,,0.49,1.91,2.16,False,False
064350.KS,HYUNDAI ROTEM,"143,500원",143500.0,Industrials,Railroads,-4.46,52.3,56.9,0.33769,False,False,False,44.7,Accumulation,"{'trend': 55.0, 'momentum': 66.1, 'flow': 60.0, 'volatility': 23, 'structure': 75.0, 'momentum_quality': 29.3, 'insider': 50.0}",2.0,,0.0,Tactical Hold,매도 우위 (하방 경계 - 바닥 탐색 진행 중),True,상승,하단,골든크로스 진행,-1.2,5.0,상승,-12843693.974459974,-0.023,0.133,0.19083,0.14471,,"[{'text': '매집 구간', 'cls': 'positive'}, {'text': '⚠️ 주봉 역배열(하락추세)', 'cls': 'negative'}, {'text': '📊 VWAP 상회 주의', 'cls': 'neutral'}, {'text': 'Stoch 골든크로스', 'cls': 'positive'}, {'text': 'OBV 상승', 'cls': 'positive'}]","{'mfc': 57, 'wyckoff': 100, 'stochastic': 50.510109441662024, 'obv': 75, 'bollinger': 100, 'momentum_quality': 29.3, 'regime_score': 50, 'rr_score': 100, 'base_tech': np.float64(65.4)}","{'base_tech_score': np.float64(65.4), 'insider_bonus': 0.0, 'deviation_penalty': 0.0, 'blowoff_penalty': 0.0, 'short_excessive_penalty': 0.0, 'weekly_penalty': 10, 'resistance_penalty': 0.0, 'rr_penalty': 0.0, 'cmf_confluence_val': 0.0, 'penny_penalty': 0.0, 'penny_non_acc_penalty': 0.0, 'scalping_bonus': 5.0, 'fund_penalty': -3.0, 'macd_reversal_bonus': 0.0, 'sector_rs_bonus': 0.0, 'confluence_bonus': 0.0, 'short_squeeze_bonus': 0.0, 'ai_momentum_bonus': 0.0}",N/A,,,,,-4.39,0.37,0.42,False,False
267260.KS,HD HYUNDAI ELECTRIC,"739,000원",739000.0,Industrials,Electrical Equipment & Parts,-3.11,48.4,56.4,0.37146,False,False,False,44.9,Accumulation,"{'trend': 55.0, 'momentum': 61.5, 'flow': 72.0, 'volatility': 23, 'structure': 75.0, 'momentum_quality': 26.3, 'insider': 50.0}",2.0,,0.0,Tactical Hold,매도 우위 (하방 경계 - 바닥 탐색 진행 중),False,상승,하단,골든크로스 진행,-1.1,5.0,상승,-1764835.6212585806,,,0.0,0.25136,,"[{'text': '매집 구간', 'cls': 'positive'}, {'text': '⚠️ 주봉 역배열(하락추세)', 'cls': 'negative'}, {'text': '📊 VWAP 상회 주의', 'cls': 'neutral'}, {'text': 'OBV 상승', 'cls': 'positive'}]","{'mfc': 56, 'wyckoff': 100, 'stochastic': 45.8600484667247, 'obv': 75, 'bollinger': 100, 'momentum_quality': 26.3, 'regime_score': 50, 'rr_score': 100, 'base_tech': np.float64(64.2)}","{'base_tech_score': np.float64(64.2), 'insider_bonus': 0.0, 'deviation_penalty': 0.0, 'blowoff_penalty': 0.0, 'short_excessive_penalty': 0.0, 'weekly_penalty': 10, 'resistance_penalty': 0.0, 'rr_penalty': 0.0, 'cmf_confluence_val': 0.0, 'penny_penalty': 0.0, 'penny_non_acc_penalty': 0.0, 'scalping_bonus': 5.0, 'fund_penalty': 0.0, 'macd_reversal_bonus': 0.0, 'sector_rs_bonus': 0.0, 'confluence_bonus': 0.0, 'short_squeeze_bonus': 0.0, 'ai_momentum_bonus': 0.0}",N/A,,,,,-2.98,0.3,0.34,False,False
009150.KS,SamsungElecMech,"1,282,000원",1282000.0,Technology,Electronic Components,0.63,47.3,61.2,0.23702,False,False,False,47.0,Markup,"{'trend': 73.0, 'momentum': 68.3, 'flow': 65.0, 'volatility': 23, 'structure': 80.0, 'momentum_quality': 37.4, 'insider': 50.0}",2.0,,0.0,Core Holding,매수 우위 (안정적 상승 추세 안착),True,상승,상단,골든크로스 진행,2.9,0.0,상승,11046246.151208103,,,0.21327,0.08744001,,"[{'text': '상승 추세', 'cls': 'positive'}, {'text': '📊 VWAP 상회 주의', 'cls': 'neutral'}, {'text': 'Stoch 골든크로스', 'cls': 'positive'}, {'text': 'OBV 상승', 'cls': 'positive'}]","{'mfc': 61, 'wyckoff': 80, 'stochastic': 51.333190936437596, 'obv': 75, 'bollinger': 0, 'momentum_quality': 37.4, 'regime_score': 50, 'rr_score': 100, 'base_tech': np.float64(56.6)}","{'base_tech_score': np.float64(56.6), 'insider_bonus': 0.0, 'deviation_penalty': 0.0, 'blowoff_penalty': 0.0, 'short_excessive_penalty': 0.0, 'weekly_penalty': 0.0, 'resistance_penalty': 0.0, 'rr_penalty': 0.0, 'cmf_confluence_val': 0.0, 'penny_penalty': 0.0, 'penny_non_acc_penalty': 0.0, 'scalping_bonus': 0.0, 'fund_penalty': 0.0, 'macd_reversal_bonus': 0.0, 'sector_rs_bonus': 0.0, 'confluence_bonus': 0.0, 'short_squeeze_bonus': 0.0, 'ai_momentum_bonus': 0.0}",N/A,,,,,0.47,0.53,0.6,False,False
000810.KS,SamsungF&MIns,"641,500원",641500.0,Financial Services,Insurance - Property & Casualty,1.83,46.5,72.1,0.03735,False,False,False,51.8,Markup,"{'trend': 100, 'momentum': 73.4, 'flow': 72.0, 'volatility': 53, 'structure': 80.0, 'momentum_quality': 38.8, 'insider': 50.0}",2.0,,0.0,Tactical Overweight,매수 우위 (강력 매수 - 다중지표 강세 컨플루언스 확인),True,상승,상단,정배열,1.4,0.0,상승,4873.634150912179,0.044,0.046,0.21145001,0.084230006,-7592867266560.0,"[{'text': '상승 추세', 'cls': 'positive'}, {'text': '📊 VWAP 상회 주의', 'cls': 'neutral'}, {'text': 'Stoch 골든크로스', 'cls': 'positive'}, {'text': 'OBV 상승', 'cls': 'positive'}]","{'mfc': 72, 'wyckoff': 80, 'stochastic': 61.64785952367655, 'obv': 75, 'bollinger': 0, 'momentum_quality': 38.8, 'regime_score': 50, 'rr_score': 97.2, 'base_tech': np.float64(61.9)}","{'base_tech_score': np.float64(61.9), 'insider_bonus': 0.0, 'deviation_penalty': 0.0, 'blowoff_penalty': 0.0, 'short_excessive_penalty': 0.0, 'weekly_penalty': 0.0, 'resistance_penalty': 0.0, 'rr_penalty': 0.0, 'cmf_confluence_val': 0.0, 'penny_penalty': 0.0, 'penny_non_acc_penalty': 0.0, 'scalping_bonus': 0.0, 'fund_penalty': 5.0, 'macd_reversal_bonus': 0.0, 'sector_rs_bonus': 0.0, 'confluence_bonus': 0.0, 'short_squeeze_bonus': 0.0, 'ai_momentum_bonus': 0.0}",N/A,,,,,1.75,0.34,0.38,False,False
272210.KS,HANWHA SYSTEMS,"73,300원",73300.0,Industrials,Aerospace & Defense,-5.05,46.4,58.9,0.60136,False,False,False,53.1,Accumulation,"{'trend': 55.0, 'momentum': 75.4, 'flow': 77.0, 'volatility': 3, 'structure': 75.0, 'momentum_quality': 71.9, 'insider': 50.0}",2.0,,0.0,Aggressive Buy,매수 우위 (분할 매수 - 바닥 확인 후 모멘텀 턴어라운드),False,상승,상단,골든크로스 진행,12.1,5.0,상승,-11305341.451217957,,0.17,0.10931,0.042480003,-325492473856.0,"[{'text': '매집 구간', 'cls': 'positive'}, {'text': '⚠️ 주봉 역배열(하락추세)', 'cls': 'negative'}, {'text': '📊 VWAP 상회 주의', 'cls': 'neutral'}, {'text': 'OBV 상승', 'cls': 'positive'}]","{'mfc': 59, 'wyckoff': 100, 'stochastic': 49.233021503389836, 'obv': 75, 'bollinger': 0, 'momentum_quality': 71.9, 'regime_score': 50, 'rr_score': 100, 'base_tech': np.float64(64.3)}","{'base_tech_score': np.float64(64.3), 'insider_bonus': 0.0, 'deviation_penalty': 0.0, 'blowoff_penalty': 0.0, 'short_excessive_penalty': 0.0, 'weekly_penalty': 10, 'resistance_penalty': 0.0, 'rr_penalty': 0.0, 'cmf_confluence_val': 0.0, 'penny_penalty': 0.0, 'penny_non_acc_penalty': 0.0, 'scalping_bonus': 5.0, 'fund_penalty': 2.0, 'macd_reversal_bonus': 0.0, 'sector_rs_bonus': 0.0, 'confluence_bonus': 0.0, 'short_squeeze_bonus': 0.0, 'ai_momentum_bonus': 0.0}",N/A,,,,,-4.92,0.41,0.47,False,False
012450.KS,HANWHA AEROSPACE,"1,100,000원",1100000.0,Industrials,Aerospace & Defense,-4.51,44.0,63.3,0.36861,False,False,False,58.4,Markup,"{'trend': 68.0, 'momentum': 79.9, 'flow': 65.0, 'volatility': 3, 'structure': 80.0, 'momentum_quality': 92.2, 'insider': 50.0}",2.0,,0.0,Core Holding,매수 우위 (안정적 상승 추세 안착),False,상승,상단,골든크로스 진행,15.5,5.0,상승,-3066701.13240819,3.381,0.049,0.20881,0.111090004,-808671772672.0,"[{'text': '상승 추세', 'cls': 'positive'}, {'text': '⚠️ 주봉 역배열(하락추세)', 'cls': 'negative'}, {'text': '⚠️ 장기 매물대(저항선) 충돌 위험', 'cls': 'negative'}, {'text': '📊 VWAP 상회 주의', 'cls': 'neutral'}, {'text': 'OBV 상승', 'cls': 'positive'}, {'text': '📈 EPS 반등/턴어라운드', 'cls': 'positive'}]","{'mfc': 63, 'wyckoff': 80, 'stochastic': 46.37569714108537, 'obv': 75, 'bollinger': 0, 'momentum_quality': 92.2, 'regime_score': 50, 'rr_score': 99.4, 'base_tech': np.float64(65.0)}","{'base_tech_score': np.float64(65.0), 'insider_bonus': 0.0, 'deviation_penalty': 0.0, 'blowoff_penalty': 0.0, 'short_excessive_penalty': 0.0, 'weekly_penalty': 10, 'resistance_penalty': 15, 'rr_penalty': 0.0, 'cmf_confluence_val': 0.0, 'penny_penalty': 0.0, 'penny_non_acc_penalty': 0.0, 'scalping_bonus': 5.0, 'fund_penalty': -10.0, 'macd_reversal_bonus': 0.0, 'sector_rs_bonus': 0.0, 'confluence_bonus': 0.0, 'short_squeeze_bonus': 0.0, 'ai_momentum_bonus': 0.0}",N/A,,,,,-4.6,0.48,0.54,False,False
015760.KS,KEPCO,"35,450원",35450.0,Utilities,Utilities - Regulated Electric,-0.7,42.6,63.3,0.19482,False,False,False,49.6,Accumulation,"{'trend': 55.0, 'momentum': 68.9, 'flow': 65.0, 'volatility': 73, 'structure': 75.0, 'momentum_quality': 59.5, 'insider': 50.0}",2.0,,0.0,Tactical Hold,매도 우위 (하방 경계 - 바닥 탐색 진행 중),False,상승,상단,골든크로스 진행,2.4,0.0,상승,-78069688.2064554,0.071,0.007,0.16994,0.15615,5256119844864.0,"[{'text': '매집 구간', 'cls': 'positive'}, {'text': '⚠️ 주봉 역배열(하락추세)', 'cls': 'negative'}, {'text': '📊 VWAP 상회 주의', 'cls': 'neutral'}, {'text': 'OBV 상승', 'cls': 'positive'}]","{'mfc': 63, 'wyckoff': 100, 'stochastic': 43.20987654320987, 'obv': 75, 'bollinger': 0, 'momentum_quality': 59.5, 'regime_score': 50, 'rr_score': 100, 'base_tech': np.float64(63.3)}","{'base_tech_score': np.float64(63.3), 'insider_bonus': 0.0, 'deviation_penalty': 0.0, 'blowoff_penalty': 0.0, 'short_excessive_penalty': 0.0, 'weekly_penalty': 10, 'resistance_penalty': 0.0, 'rr_penalty': 0.0, 'cmf_confluence_val': 0.0, 'penny_penalty': 0.0, 'penny_non_acc_penalty': 0.0, 'scalping_bonus': 0.0, 'fund_penalty': 0.0, 'macd_reversal_bonus': 0.0, 'sector_rs_bonus': 0.0, 'confluence_bonus': 0.0, 'short_squeeze_bonus': 0.0, 'ai_momentum_bonus': 0.0}",N/A,,,,,-0.7,0.37,0.42,False,False
005380.KS,HyundaiMtr,"404,500원",404500.0,Consumer Cyclical,Auto Manufacturers,-0.86,39.2,56.9,0.30706,False,False,False,43.4,Accumulation,"{'trend': 68.0, 'momentum': 69.4, 'flow': 24.0, 'volatility': 43, 'structure': 75.0, 'momentum_quality': 77.8, 'insider': 50.0}",2.0,,0.0,Tactical Hold,"중립 대기 (방향성 탐색 중, 뚜렷한 주도력 부재)",True,하락,상단,골든크로스 진행,1.3,0.0,하락,-10874918.031039428,-0.159,0.019,0.17423001,0.057930004,,"[{'text': '매집 구간', 'cls': 'positive'}, {'text': '⚠️ 주봉 역배열(하락추세)', 'cls': 'negative'}, {'text': '📊 VWAP 상회 주의', 'cls': 'neutral'}, {'text': 'Stoch 골든크로스', 'cls': 'positive'}]","{'mfc': 57, 'wyckoff': 100, 'stochastic': 53.67430922986479, 'obv': 25, 'bollinger': 0, 'momentum_quality': 77.8, 'regime_score': 50, 'rr_score': 100, 'base_tech': np.float64(59.0)}","{'base_tech_score': np.float64(59.0), 'insider_bonus': 0.0, 'deviation_penalty': 0.0, 'blowoff_penalty': 0.0, 'short_excessive_penalty': 0.0, 'weekly_penalty': 10, 'resistance_penalty': 0.0, 'rr_penalty': 0.0, 'cmf_confluence_val': 0.0, 'penny_penalty': 0.0, 'penny_non_acc_penalty': 0.0, 'scalping_bonus': 0.0, 'fund_penalty': 0.0, 'macd_reversal_bonus': 0.0, 'sector_rs_bonus': 0.0, 'confluence_bonus': 0.0, 'short_squeeze_bonus': 0.0, 'ai_momentum_bonus': 0.0}",N/A,,,,,-0.86,0.18,0.21,False,False
373220.KS,LG Energy Solution,"354,500원",354500.0,Industrials,Electrical Equipment & Parts,-3.54,37.3,65.3,0.79714996,False,False,False,53.8,Accumulation,"{'trend': 63.0, 'momentum': 75.8, 'flow': 89.0, 'volatility': 53, 'structure': 75.0, 'momentum_quality': 72.2, 'insider': 50.0}",2.0,,0.0,Aggressive Buy,매수 우위 (분할 매수 - 바닥 확인 후 모멘텀 턴어라운드),False,상승,상단,골든크로스 진행,7.0,5.0,상승,-1522108.4059432102,,-0.025,0.17038,-0.031689998,-8243463585792.0,"[{'text': '매집 구간', 'cls': 'positive'}, {'text': '⚠️ 주봉 역배열(하락추세)', 'cls': 'negative'}, {'text': '📊 VWAP 상회 주의', 'cls': 'neutral'}, {'text': 'OBV 상승', 'cls': 'positive'}]","{'mfc': 65, 'wyckoff': 100, 'stochastic': 49.247314977995096, 'obv': 75, 'bollinger': 0, 'momentum_quality': 72.2, 'regime_score': 50, 'rr_score': 100, 'base_tech': np.float64(66.6)}","{'base_tech_score': np.float64(66.6), 'insider_bonus': 0.0, 'deviation_penalty': 0.0, 'blowoff_penalty': 0.0, 'short_excessive_penalty': 0.0, 'weekly_penalty': 10, 'resistance_penalty': 0.0, 'rr_penalty': 0.0, 'cmf_confluence_val': 0.0, 'penny_penalty': 0.0, 'penny_non_acc_penalty': 0.0, 'scalping_bonus': 5.0, 'fund_penalty': 13.0, 'macd_reversal_bonus': 0.0, 'sector_rs_bonus': 0.0, 'confluence_bonus': 0.0, 'short_squeeze_bonus': 0.0, 'ai_momentum_bonus': 0.0}",N/A,,,,,-3.4,0.43,0.48,False,False
051910.KS,LGCHEM,"275,000원",275000.0,Basic Materials,Chemicals,-1.08,35.4,64.2,0.34978,False,False,False,53.0,Accumulation,"{'trend': 63.0, 'momentum': 81.5, 'flow': 72.0, 'volatility': 23, 'structure': 75.0, 'momentum_quality': 87.4, 'insider': 50.0}",2.0,,0.0,Aggressive Buy,매수 우위 (분할 매수 - 바닥 확인 후 모멘텀 턴어라운드),True,상승,상단,골든크로스 진행,6.8,0.0,상승,-633766.998103716,,-0.026,0.16769,-0.0040599997,-5942740516864.0,"[{'text': '매집 구간', 'cls': 'positive'}, {'text': '⚠️ 주봉 역배열(하락추세)', 'cls': 'negative'}, {'text': '📊 VWAP 상회 주의', 'cls': 'neutral'}, {'text': 'Stoch 골든크로스', 'cls': 'positive'}, {'text': 'OBV 상승', 'cls': 'positive'}]","{'mfc': 64, 'wyckoff': 100, 'stochastic': 66.44901866972532, 'obv': 75, 'bollinger': 0, 'momentum_quality': 87.4, 'regime_score': 50, 'rr_score': 100, 'base_tech': np.float64(70.6)}","{'base_tech_score': np.float64(70.6), 'insider_bonus': 0.0, 'deviation_penalty': 0.0, 'blowoff_penalty': 0.0, 'short_excessive_penalty': 0.0, 'weekly_penalty': 10, 'resistance_penalty': 0.0, 'rr_penalty': 0.0, 'cmf_confluence_val': 0.0, 'penny_penalty': 0.0, 'penny_non_acc_penalty': 0.0, 'scalping_bonus': 0.0, 'fund_penalty': 13.0, 'macd_reversal_bonus': 0.0, 'sector_rs_bonus': 0.0, 'confluence_bonus': 0.0, 'short_squeeze_bonus': 0.0, 'ai_momentum_bonus': 0.0}",N/A,,,,,-0.9,0.2,0.22,False,False
000270.KS,KIA CORP.,"135,200원",135200.0,Consumer Cyclical,Auto Manufacturers,-0.22,32.0,55.9,0.39367,False,False,False,47.4,Accumulation,"{'trend': 5, 'momentum': 74.6, 'flow': 84.0, 'volatility': 53, 'structure': 65.0, 'momentum_quality': 78.7, 'insider': 50.0}",2.0,,0.0,Tactical Hold,"중립 대기 (방향성 탐색 중, 뚜렷한 주도력 부재)",True,상승,상단,역배열,0.0,0.0,상승,-6563763.381132186,-0.235,0.053,0.19143999,0.07474,1578949804032.0,"[{'text': '매집 구간', 'cls': 'positive'}, {'text': '⚠️ 주봉 역배열(하락추세)', 'cls': 'negative'}, {'text': '📊 VWAP 상회 주의', 'cls': 'neutral'}, {'text': 'Stoch 골든크로스', 'cls': 'positive'}, {'text': 'OBV 상승', 'cls': 'positive'}, {'text': '⚠️ EPS 감소(-24%)', 'cls': 'negative'}]","{'mfc': 56, 'wyckoff': 100, 'stochastic': 54.79921704370874, 'obv': 75, 'bollinger': 0, 'momentum_quality': 78.7, 'regime_score': 50, 'rr_score': 100, 'base_tech': np.float64(64.9)}","{'base_tech_score': np.float64(64.9), 'insider_bonus': 0.0, 'deviation_penalty': 0.0, 'blowoff_penalty': 0.0, 'short_excessive_penalty': 0.0, 'weekly_penalty': 10, 'resistance_penalty': 0.0, 'rr_penalty': 0.0, 'cmf_confluence_val': 0.0, 'penny_penalty': 0.0, 'penny_non_acc_penalty': 0.0, 'scalping_bonus': 0.0, 'fund_penalty': 12.0, 'macd_reversal_bonus': 0.0, 'sector_rs_bonus': 0.0, 'confluence_bonus': 0.0, 'short_squeeze_bonus': 0.0, 'ai_momentum_bonus': 0.0}",N/A,,,,,-0.22,0.24,0.28,False,False
030200.KS,KT,"53,200원",53200.0,Communication Services,Telecom Services,1.53,26.8,62.1,0.10873,False,False,False,51.0,Accumulation,"{'trend': 55.0, 'momentum': 65.8, 'flow': 65.0, 'volatility': 93, 'structure': 75.0, 'momentum_quality': 32.2, 'insider': 50.0}",2.0,,0.0,Tactical Hold,"중립 대기 (방향성 탐색 중, 뚜렷한 주도력 부재)",False,상승,상단,골든크로스 진행,1.1,0.0,상승,-11968285.96837937,-0.348,-0.01,1.0,0.070489995,1286508249088.0,"[{'text': '매집 구간', 'cls': 'positive'}, {'text': '⚠️ 주봉 역배열(하락추세)', 'cls': 'negative'}, {'text': '📊 VWAP 상회 주의', 'cls': 'neutral'}, {'text': 'OBV 상승', 'cls': 'positive'}, {'text': 'Squeeze 대기', 'cls': 'neutral'}, {'text': '⚠️ EPS 감소(-35%)', 'cls': 'negative'}]","{'mfc': 62, 'wyckoff': 100, 'stochastic': 40.87749739267855, 'obv': 75, 'bollinger': 0, 'momentum_quality': 32.2, 'regime_score': 50, 'rr_score': 100, 'base_tech': np.float64(58.5)}","{'base_tech_score': np.float64(58.5), 'insider_bonus': 0.0, 'deviation_penalty': 0.0, 'blowoff_penalty': 0.0, 'short_excessive_penalty': 0.0, 'weekly_penalty': 10, 'resistance_penalty': 0.0, 'rr_penalty': 0.0, 'cmf_confluence_val': 0.0, 'penny_penalty': 0.0, 'penny_non_acc_penalty': 0.0, 'scalping_bonus': 0.0, 'fund_penalty': 12.0, 'macd_reversal_bonus': 0.0, 'sector_rs_bonus': 0.0, 'confluence_bonus': 0.0, 'short_squeeze_bonus': 0.0, 'ai_momentum_bonus': 0.0}",N/A,,,,,1.53,0.46,0.52,False,False
010140.KS,SamsungHvyInd,"21,900원",21900.0,Industrials,Aerospace & Defense,-2.88,25.5,50.2,0.18098,False,False,False,47.5,Markdown,"{'trend': 55.0, 'momentum': 64.5, 'flow': 49.0, 'volatility': 43, 'structure': 15.0, 'momentum_quality': 23.4, 'insider': 50.0}",2.0,,0.0,Tactical Hold,매도 우위 (비중 축소 - 지지선 단기 이탈 및 추세 악화),False,하락,상단,골든크로스 진행,1.0,5.0,상승,-52749001.86518981,0.103,0.164,0.13879,0.094110005,2920756019200.0,"[{'text': '하락 추세', 'cls': 'negative'}, {'text': '⚠️ 주봉 역배열(하락추세)', 'cls': 'negative'}, {'text': '📊 VWAP 상회 주의', 'cls': 'neutral'}]","{'mfc': 50, 'wyckoff': 10, 'stochastic': 49.74327377284865, 'obv': 25, 'bollinger': 0, 'momentum_quality': 23.4, 'regime_score': 50, 'rr_score': 100, 'base_tech': np.float64(31.8)}","{'base_tech_score': np.float64(31.8), 'insider_bonus': 0.0, 'deviation_penalty': 0.0, 'blowoff_penalty': 0.0, 'short_excessive_penalty': 0.0, 'weekly_penalty': 10, 'resistance_penalty': 0.0, 'rr_penalty': 0.0, 'cmf_confluence_val': 0.0, 'penny_penalty': 0.0, 'penny_non_acc_penalty': 0.0, 'scalping_bonus': 5.0, 'fund_penalty': -3.0, 'macd_reversal_bonus': 0.0, 'sector_rs_bonus': 0.0, 'confluence_bonus': 0.0, 'short_squeeze_bonus': 0.0, 'ai_momentum_bonus': 0.0}",N/A,,,,,-2.88,0.44,0.5,False,False
CNQ,Canadian Natural Resources Limi,$47.25,47.25,Energy,Oil & Gas E&P,3.82,108.0,70.0,0.02173,False,False,False,60.7,Markup,"{'trend': 65.0, 'momentum': 82.4, 'flow': 99.0, 'volatility': 63, 'structure': 65.0, 'momentum_quality': 66.9, 'insider': 50.0}",7.0,-15.126490709719276,0.0,Core Holding,매수 우위 (안정적 상승 추세 안착),True,상승,상단,혼합,4.3,10.0,상승,84569925.28159834,0.831,0.695,0.51576,0.43091,7420125184.0,"[{'text': '상승 추세', 'cls': 'positive'}, {'text': '🔄 MACD 반전', 'cls': 'positive'}, {'text': '📊 VWAP 상회 주의', 'cls': 'neutral'}, {'text': '🎯 시그널 컨플루언스 (3)', 'cls': 'positive'}, {'text': 'Stoch 골든크로스', 'cls': 'positive'}, {'text': 'OBV 상승', 'cls': 'positive'}, {'text': '📈 EPS 반등/턴어라운드', 'cls': 'positive'}, {'text': '🚀 매출 고성장', 'cls': 'positive'}, {'text': '🔥 숏커버 (-15.1%)', 'cls': 'positive'}]","{'mfc': 70, 'wyckoff': 80, 'stochastic': 68.91024964733285, 'obv': 75, 'bollinger': 0, 'momentum_quality': 66.9, 'regime_score': 50, 'rr_score': 79.8, 'base_tech': np.float64(66.2)}","{'base_tech_score': np.float64(66.2), 'insider_bonus': 0.0, 'deviation_penalty': 0.0, 'blowoff_penalty': 0.0, 'short_excessive_penalty': 0.0, 'weekly_penalty': 0.0, 'resistance_penalty': 0.0, 'rr_penalty': 0.0, 'cmf_confluence_val': 0.0, 'penny_penalty': 0.0, 'penny_non_acc_penalty': 0.0, 'scalping_bonus': 10.0, 'fund_penalty': -25.0, 'macd_reversal_bonus': 5.0, 'sector_rs_bonus': 0.0, 'confluence_bonus': 8.0, 'short_squeeze_bonus': 0.0, 'ai_momentum_bonus': 0.0}",N/A,,,,,3.82,0.61,0.61,False,False
FSM,Fortuna Mining Corp.,$10.73,10.729999542236328,Basic Materials,Gold,3.27,100.1,76.1,0.00617,False,False,False,74.3,Markup,"{'trend': 85.0, 'momentum': 93.9, 'flow': 100, 'volatility': 13, 'structure': 80.0, 'momentum_quality': 98.2, 'insider': 50.0}",2.0,3.9784055457799115,0.0,Tactical Overweight,매수 우위 (강력 매수 - 다중지표 강세 컨플루언스 확인),True,상승,상단 돌파,골든크로스 진행,21.9,10.0,상승,27314159.313269097,1.023,0.382,0.57238,0.51069,364279008.0,"[{'text': '상승 추세', 'cls': 'positive'}, {'text': '🔥 Accumulation Confluence (CMF+ADL)', 'cls': 'positive'}, {'text': 'Stoch 골든크로스', 'cls': 'positive'}, {'text': 'OBV 상승', 'cls': 'positive'}, {'text': '📈 EPS 반등/턴어라운드', 'cls': 'positive'}, {'text': '🚀 매출 고성장', 'cls': 'positive'}]","{'mfc': 76, 'wyckoff': 80, 'stochastic': 54.64066326513002, 'obv': 75, 'bollinger': 0, 'momentum_quality': 98.2, 'regime_score': 50, 'rr_score': 51.3, 'base_tech': np.float64(71.3)}","{'base_tech_score': np.float64(71.3), 'insider_bonus': 0.0, 'deviation_penalty': 0.0, 'blowoff_penalty': 0.0, 'short_excessive_penalty': 0.0, 'weekly_penalty': 0.0, 'resistance_penalty': 0.0, 'rr_penalty': 0.0, 'cmf_confluence_val': 0.0, 'penny_penalty': 0.0, 'penny_non_acc_penalty': 0.0, 'scalping_bonus': 10.0, 'fund_penalty': -25.0, 'macd_reversal_bonus': 0.0, 'sector_rs_bonus': 0.0, 'confluence_bonus': 0.0, 'short_squeeze_bonus': 0.0, 'ai_momentum_bonus': 0.0}",N/A,,,,,3.27,1.09,1.09,False,False
NTAP,"NetApp, Inc.",$198.72,198.72000122070312,Technology,Software - Infrastructure,4.85,89.6,76.8,0.0039399997,False,False,False,72.8,Markup,"{'trend': 100, 'momentum': 81.5, 'flow': 100, 'volatility': 33, 'structure': 80.0, 'momentum_quality': 100, 'insider': 50.0}",8.0,-24.987750562698967,0.0758,Tactical Overweight,매수 우위 (강력 매수 - 다중지표 강세 컨플루언스 확인),True,상승,상단 돌파,정배열,13.7,16.0,상승,27224659.508650567,0.188,0.125,0.70744,0.27259,1295250048.0,"[{'text': '상승 추세', 'cls': 'positive'}, {'text': 'Stoch 골든크로스', 'cls': 'positive'}, {'text': 'OBV 상승', 'cls': 'positive'}, {'text': '🔥 숏커버 (-25.0%)', 'cls': 'positive'}]","{'mfc': 77, 'wyckoff': 80, 'stochastic': 56.37712943744418, 'obv': 75, 'bollinger': 0, 'momentum_quality': 100, 'regime_score': 50, 'rr_score': 79.4, 'base_tech': np.float64(72.0)}","{'base_tech_score': np.float64(72.0), 'insider_bonus': 0.0, 'deviation_penalty': 0.0, 'blowoff_penalty': 0.0, 'short_excessive_penalty': 0.0, 'weekly_penalty': 0.0, 'resistance_penalty': 0.0, 'rr_penalty': 0.0, 'cmf_confluence_val': 0.0, 'penny_penalty': 0.0, 'penny_non_acc_penalty': 0.0, 'scalping_bonus': 16.0, 'fund_penalty': -8.0, 'macd_reversal_bonus': 0.0, 'sector_rs_bonus': 0.0, 'confluence_bonus': 0.0, 'short_squeeze_bonus': 0.0, 'ai_momentum_bonus': 0.0}",N/A,,,,,4.85,1.23,1.23,True,False
WTI,"W&T Offshore, Inc.",$3.82,3.819999933242798,Energy,Oil & Gas E&P,11.37,89.1,64.1,0.35990003,False,True,False,58.2,Markup,"{'trend': 61.0, 'momentum': 80.5, 'flow': 98.0, 'volatility': 23, 'structure': 80.0, 'momentum_quality': 37.5, 'insider': 50.0}",-3.5,6.148846648103056,0.2037,Tactical Overweight,매수 우위 (강력 매수 - 다중지표 강세 컨플루언스 확인),True,상승,상단,혼합,9.1,10.0,상승,58903488.16868484,,0.329,0.43345,0.13915,123814000.0,"[{'text': '상승 추세', 'cls': 'positive'}, {'text': '🔄 MACD 반전', 'cls': 'positive'}, {'text': '🎯 시그널 컨플루언스 (3)', 'cls': 'positive'}, {'text': '🚀 숏스퀴즈 가능성', 'cls': 'positive'}, {'text': 'Stoch 골든크로스', 'cls': 'positive'}, {'text': 'OBV 상승', 'cls': 'positive'}, {'text': '🚀 매출 고성장', 'cls': 'positive'}, {'text': '🔴 적자기업(PER<0)', 'cls': 'negative'}, {'text': '🚨 공매도 비중 주의 (20.37%)', 'cls': 'negative'}]","{'mfc': 64, 'wyckoff': 80, 'stochastic': 87.58169888808418, 'obv': 75, 'bollinger': 0, 'momentum_quality': 37.5, 'regime_score': 50, 'rr_score': 100, 'base_tech': np.float64(62.0)}","{'base_tech_score': np.float64(62.0), 'insider_bonus': 0.0, 'deviation_penalty': 0.0, 'blowoff_penalty': 0.0, 'short_excessive_penalty': 0.0, 'weekly_penalty': 0.0, 'resistance_penalty': 0.0, 'rr_penalty': 0.0, 'cmf_confluence_val': 0.0, 'penny_penalty': 0.0, 'penny_non_acc_penalty': 0.0, 'scalping_bonus': 10.0, 'fund_penalty': -5.0, 'macd_reversal_bonus': 5.0, 'sector_rs_bonus': 0.0, 'confluence_bonus': 8.0, 'short_squeeze_bonus': 15.0, 'ai_momentum_bonus': 0.0}",N/A,,,,,11.37,1.25,1.25,False,False
MTDR,Matador Resources Company,$52.23,52.22999954223633,Energy,Oil & Gas E&P,7.28,85.1,57.9,0.07135,False,False,False,56.2,Accumulation,"{'trend': 8.0, 'momentum': 82.7, 'flow': 91.0, 'volatility': 53, 'structure': 65.0, 'momentum_quality': 71.8, 'insider': 50.0}",-2.0,6.16316097101972,0.114700004,Aggressive Buy,매수 우위 (분할 매수 - 바닥 확인 후 모멘텀 턴어라운드),True,상승,상단,역배열,4.0,10.0,상승,13423182.002387233,1.6,0.268,0.8239,0.492,-907763968.0,"[{'text': '매집 구간', 'cls': 'positive'}, {'text': '⚠️ 주봉 역배열(하락추세)', 'cls': 'negative'}, {'text': '🔄 MACD 반전', 'cls': 'positive'}, {'text': '🎯 시그널 컨플루언스 (3)', 'cls': 'positive'}, {'text': 'Stoch 골든크로스', 'cls': 'positive'}, {'text': 'OBV 상승', 'cls': 'positive'}, {'text': '📈 EPS 반등/턴어라운드', 'cls': 'positive'}, {'text': '🚀 매출 고성장', 'cls': 'positive'}, {'text': '🚨 공매도 비중 주의 (11.47%)', 'cls': 'negative'}]","{'mfc': 58, 'wyckoff': 100, 'stochastic': 79.59678280868386, 'obv': 75, 'bollinger': 0, 'momentum_quality': 71.8, 'regime_score': 50, 'rr_score': 100, 'base_tech': np.float64(67.6)}","{'base_tech_score': np.float64(67.6), 'insider_bonus': 0.0, 'deviation_penalty': 0.0, 'blowoff_penalty': 0.0, 'short_excessive_penalty': 0.0, 'weekly_penalty': 10, 'resistance_penalty': 0.0, 'rr_penalty': 0.0, 'cmf_confluence_val': 0.0, 'penny_penalty': 0.0, 'penny_non_acc_penalty': 0.0, 'scalping_bonus': 10.0, 'fund_penalty': -20.0, 'macd_reversal_bonus': 5.0, 'sector_rs_bonus': 0.0, 'confluence_bonus': 8.0, 'short_squeeze_bonus': 0.0, 'ai_momentum_bonus': 0.0}",N/A,,,,,7.28,1.07,1.07,False,False
ZS,"Zscaler, Inc.",$176.68,176.67999267578125,Technology,Software - Infrastructure,4.74,83.9,77.9,0.34958,False,False,False,72.2,Markup,"{'trend': 100, 'momentum': 89.0, 'flow': 100, 'volatility': 33, 'structure': 80.0, 'momentum_quality': 98.2, 'insider': 50.0}",8.0,-32.22272995837827,0.0765,Tactical Overweight,매수 우위 (강력 매수 - 다중지표 강세 컨플루언스 확인),True,상승,상단 돌파,정배열,15.5,10.0,상승,35072064.30740474,,0.254,0.76737,-0.03276,1108818560.0,"[{'text': '상승 추세', 'cls': 'positive'}, {'text': '🔥 Accumulation Confluence (CMF+ADL)', 'cls': 'positive'}, {'text': 'Stoch 골든크로스', 'cls': 'positive'}, {'text': 'OBV 상승', 'cls': 'positive'}, {'text': '🚀 매출 고성장', 'cls': 'positive'}, {'text': '🔥 숏커버 (-32.2%)', 'cls': 'positive'}]","{'mfc': 78, 'wyckoff': 80, 'stochastic': 58.08906247073935, 'obv': 75, 'bollinger': 0, 'momentum_quality': 98.2, 'regime_score': 50, 'rr_score': 91.6, 'base_tech': np.float64(72.4)}","{'base_tech_score': np.float64(72.4), 'insider_bonus': 0.0, 'deviation_penalty': 0.0, 'blowoff_penalty': 0.0, 'short_excessive_penalty': 0.0, 'weekly_penalty': 0.0, 'resistance_penalty': 0.0, 'rr_penalty': 0.0, 'cmf_confluence_val': 0.0, 'penny_penalty': 0.0, 'penny_non_acc_penalty': 0.0, 'scalping_bonus': 10.0, 'fund_penalty': -2.0, 'macd_reversal_bonus': 0.0, 'sector_rs_bonus': 0.0, 'confluence_bonus': 0.0, 'short_squeeze_bonus': 0.0, 'ai_momentum_bonus': 0.0}",N/A,,,,,4.74,0.76,0.76,False,False
MDB,"MongoDB, Inc.",$416.67,416.6700134277344,Technology,Software - Infrastructure,4.48,83.0,76.0,0.026530001,False,False,False,73.1,Markup,"{'trend': 95.0, 'momentum': 94.9, 'flow': 100, 'volatility': 13, 'structure': 80.0, 'momentum_quality': 98.2, 'insider': 50.0}",8.0,-25.934386580357543,0.036199998,Tactical Overweight,매수 우위 (강력 매수 - 다중지표 강세 컨플루언스 확인),True,상승,상단 돌파,골든크로스 진행,23.3,10.0,상승,19213950.34767553,,0.252,0.71970004,-0.03607,517605376.0,"[{'text': '상승 추세', 'cls': 'positive'}, {'text': '🔥 Accumulation Confluence (CMF+ADL)', 'cls': 'positive'}, {'text': 'Stoch 골든크로스', 'cls': 'positive'}, {'text': 'OBV 상승', 'cls': 'positive'}, {'text': '🚀 매출 고성장', 'cls': 'positive'}, {'text': '🔥 숏커버 (-25.9%)', 'cls': 'positive'}]","{'mfc': 76, 'wyckoff': 80, 'stochastic': 54.165440915173626, 'obv': 75, 'bollinger': 0, 'momentum_quality': 98.2, 'regime_score': 50, 'rr_score': 55.3, 'base_tech': np.float64(71.2)}","{'base_tech_score': np.float64(71.2), 'insider_bonus': 0.0, 'deviation_penalty': 0.0, 'blowoff_penalty': 0.0, 'short_excessive_penalty': 0.0, 'weekly_penalty': 0.0, 'resistance_penalty': 0.0, 'rr_penalty': 0.0, 'cmf_confluence_val': 0.0, 'penny_penalty': 0.0, 'penny_non_acc_penalty': 0.0, 'scalping_bonus': 10.0, 'fund_penalty': -2.0, 'macd_reversal_bonus': 0.0, 'sector_rs_bonus': 0.0, 'confluence_bonus': 0.0, 'short_squeeze_bonus': 0.0, 'ai_momentum_bonus': 0.0}",N/A,,,,,4.48,0.85,0.85,False,False
CRWD,"CrowdStrike Holdings, Inc.",$225.16,225.16000366210938,Technology,Software - Infrastructure,5.01,82.5,75.9,0.01472,False,False,False,71.3,Markup,"{'trend': 100, 'momentum': 89.7, 'flow': 100, 'volatility': 33, 'structure': 80.0, 'momentum_quality': 100, 'insider': 50.0}",7.0,-11.148357640394464,0.0274,Tactical Overweight,매수 우위 (강력 매수 - 다중지표 강세 컨플루언스 확인),True,상승,상단 돌파,정배열,13.8,16.0,상승,286117690.9137008,,0.256,0.75136,-0.022079999,1926365056.0,"[{'text': '상승 추세', 'cls': 'positive'}, {'text': '📊 VWAP 상회 주의', 'cls': 'neutral'}, {'text': 'Stoch 골든크로스', 'cls': 'positive'}, {'text': 'OBV 상승', 'cls': 'positive'}, {'text': '🚀 매출 고성장', 'cls': 'positive'}, {'text': '🔥 숏커버 (-11.1%)', 'cls': 'positive'}]","{'mfc': 76, 'wyckoff': 80, 'stochastic': 57.82489853364389, 'obv': 75, 'bollinger': 0, 'momentum_quality': 100, 'regime_score': 50, 'rr_score': 68.5, 'base_tech': np.float64(71.9)}","{'base_tech_score': np.float64(71.9), 'insider_bonus': 0.0, 'deviation_penalty': 0.0, 'blowoff_penalty': 0.0, 'short_excessive_penalty': 0.0, 'weekly_penalty': 0.0, 'resistance_penalty': 0.0, 'rr_penalty': 0.0, 'cmf_confluence_val': 0.0, 'penny_penalty': 0.0, 'penny_non_acc_penalty': 0.0, 'scalping_bonus': 16.0, 'fund_penalty': -2.0, 'macd_reversal_bonus': 0.0, 'sector_rs_bonus': 0.0, 'confluence_bonus': 0.0, 'short_squeeze_bonus': 0.0, 'ai_momentum_bonus': 0.0}",N/A,,,,,5.01,0.69,0.69,True,False
O39.SI,OCBC Bank,$31.17,31.170000076293945,Financial Services,Banks - Regional,2.87,81.4,78.9,0.28120002,False,False,False,76.8,Markup,"{'trend': 100, 'momentum': 80.2, 'flow': 100, 'volatility': 63, 'structure': 80.0, 'momentum_quality': 100, 'insider': 50.0}",2.0,,0.0,Tactical Overweight,매수 우위 (강력 매수 - 다중지표 강세 컨플루언스 확인),True,상승,상단 돌파,정배열,7.2,16.0,상승,79471273.09478398,0.223,0.169,0.0,0.60762,,"[{'text': '상승 추세', 'cls': 'positive'}, {'text': '🔄 MACD 반전', 'cls': 'positive'}, {'text': '🔥 Accumulation Confluence (CMF+ADL)', 'cls': 'positive'}, {'text': '🎯 시그널 컨플루언스 (3)', 'cls': 'positive'}, {'text': 'Stoch 골든크로스', 'cls': 'positive'}, {'text': 'OBV 상승', 'cls': 'positive'}, {'text': '📉 AI 예상: +0.0%', 'cls': 'negative'}]","{'mfc': 79, 'wyckoff': 80, 'stochastic': 100, 'obv': 75, 'bollinger': 0, 'momentum_quality': 100, 'regime_score': 50, 'rr_score': 99.1, 'base_tech': np.float64(78.0)}","{'base_tech_score': np.float64(78.0), 'insider_bonus': 0.0, 'deviation_penalty': 0.0, 'blowoff_penalty': 0.0, 'short_excessive_penalty': 0.0, 'weekly_penalty': 0.0, 'resistance_penalty': 0.0, 'rr_penalty': 0.0, 'cmf_confluence_val': 0.0, 'penny_penalty': 0.0, 'penny_non_acc_penalty': 0.0, 'scalping_bonus': 16.0, 'fund_penalty': -8.0, 'macd_reversal_bonus': 5.0, 'sector_rs_bonus': 0.0, 'confluence_bonus': 8.0, 'short_squeeze_bonus': 0.0, 'ai_momentum_bonus': 0.0}",+0.00%,81.4,STRONG BUY,+0.00%,0.5,2.94,1.14,1.14,True,False
PANW,"Palo Alto Networks, Inc.",$385.04,385.0400085449219,Technology,Software - Infrastructure,5.82,79.3,75.4,0.00759,False,False,False,70.3,Markup,"{'trend': 100, 'momentum': 90.6, 'flow': 93.0, 'volatility': 33, 'structure': 80.0, 'momentum_quality': 100, 'insider': 50.0}",4.0,-9.361707528730577,0.0252,Tactical Overweight,매수 우위 (강력 매수 - 다중지표 강세 컨플루언스 확인),True,상승,상단 돌파,정배열,11.8,16.0,상승,193296241.56293148,,0.311,0.71963996,-0.02465,3579375104.0,"[{'text': '상승 추세', 'cls': 'positive'}, {'text': '📊 VWAP 상회 주의', 'cls': 'neutral'}, {'text': 'Stoch 골든크로스', 'cls': 'positive'}, {'text': 'OBV 상승', 'cls': 'positive'}, {'text': '🚀 매출 고성장', 'cls': 'positive'}]","{'mfc': 75, 'wyckoff': 80, 'stochastic': 57.33882558931452, 'obv': 75, 'bollinger': 0, 'momentum_quality': 100, 'regime_score': 50, 'rr_score': 71.7, 'base_tech': np.float64(71.7)}","{'base_tech_score': np.float64(71.7), 'insider_bonus': 0.0, 'deviation_penalty': 0.0, 'blowoff_penalty': 0.0, 'short_excessive_penalty': 0.0, 'weekly_penalty': 0.0, 'resistance_penalty': 0.0, 'rr_penalty': 0.0, 'cmf_confluence_val': 0.0, 'penny_penalty': 0.0, 'penny_non_acc_penalty': 0.0, 'scalping_bonus': 16.0, 'fund_penalty': -2.0, 'macd_reversal_bonus': 0.0, 'sector_rs_bonus': 0.0, 'confluence_bonus': 0.0, 'short_squeeze_bonus': 0.0, 'ai_momentum_bonus': 0.0}",N/A,,,,,5.82,0.69,0.69,True,False
PATH,"UiPath, Inc.",$15.59,15.59000015258789,Technology,Software - Infrastructure,3.59,78.9,78.6,0.09546,False,False,False,76.5,Markup,"{'trend': 100, 'momentum': 92.0, 'flow': 100, 'volatility': 13, 'structure': 80.0, 'momentum_quality': 98.2, 'insider': 50.0}",2.0,-10.550974193147999,0.2811,Tactical Overweight,매수 우위 (강력 매수 - 다중지표 강세 컨플루언스 확인),True,상승,상단 돌파,정배열,24.1,10.0,상승,492244200.72038764,,0.173,0.8305,0.07274,511553632.0,"[{'text': '상승 추세', 'cls': 'positive'}, {'text': '🔥 Accumulation Confluence (CMF+ADL)', 'cls': 'positive'}, {'text': 'Stoch 골든크로스', 'cls': 'positive'}, {'text': 'OBV 상승', 'cls': 'positive'}, {'text': '🚨 공매도 비중 주의 (28.11%)', 'cls': 'negative'}, {'text': '🔥 숏커버 (-10.6%)', 'cls': 'positive'}]","{'mfc': 79, 'wyckoff': 80, 'stochastic': 55.63654551152677, 'obv': 75, 'bollinger': 0, 'momentum_quality': 98.2, 'regime_score': 50, 'rr_score': 62.1, 'base_tech': np.float64(72.3)}","{'base_tech_score': np.float64(72.3), 'insider_bonus': 0.0, 'deviation_penalty': 0.0, 'blowoff_penalty': 0.0, 'short_excessive_penalty': 0.0, 'weekly_penalty': 0.0, 'resistance_penalty': 0.0, 'rr_penalty': 0.0, 'cmf_confluence_val': 0.0, 'penny_penalty': 0.0, 'penny_non_acc_penalty': 0.0, 'scalping_bonus': 10.0, 'fund_penalty': -3.0, 'macd_reversal_bonus': 0.0, 'sector_rs_bonus': 0.0, 'confluence_bonus': 0.0, 'short_squeeze_bonus': 0.0, 'ai_momentum_bonus': 0.0}",N/A,,,,,3.59,0.89,0.89,False,False
CRL,Charles River Laboratories Inte,$277.00,277.0,Healthcare,Diagnostics & Research,3.56,77.2,79.5,0.00642,False,False,False,79.1,Markup,"{'trend': 100, 'momentum': 91.1, 'flow': 100, 'volatility': 33, 'structure': 80.0, 'momentum_quality': 100, 'insider': 50.0}",2.0,-7.450591567011092,0.0801,Tactical Overweight,매수 우위 (강력 매수 - 다중지표 강세 컨플루언스 확인),True,상승,상단 돌파,정배열,17.1,16.0,상승,11717308.969258655,,-0.027,0.34585,0.15113,468856000.0,"[{'text': '상승 추세', 'cls': 'positive'}, {'text': 'Stoch 골든크로스', 'cls': 'positive'}, {'text': 'OBV 상승', 'cls': 'positive'}]","{'mfc': 80, 'wyckoff': 80, 'stochastic': 65.22870957496423, 'obv': 75, 'bollinger': 0, 'momentum_quality': 100, 'regime_score': 50, 'rr_score': 83.0, 'base_tech': np.float64(74.1)}","{'base_tech_score': np.float64(74.1), 'insider_bonus': 0.0, 'deviation_penalty': 0.0, 'blowoff_penalty': 0.0, 'short_excessive_penalty': 0.0, 'weekly_penalty': 0.0, 'resistance_penalty': 0.0, 'rr_penalty': 0.0, 'cmf_confluence_val': 0.0, 'penny_penalty': 0.0, 'penny_non_acc_penalty': 0.0, 'scalping_bonus': 16.0, 'fund_penalty': 0.0, 'macd_reversal_bonus': 0.0, 'sector_rs_bonus': 0.0, 'confluence_bonus': 0.0, 'short_squeeze_bonus': 0.0, 'ai_momentum_bonus': 0.0}",N/A,,,,,3.56,0.9,0.9,True,False
TXG,"10x Genomics, Inc.",$58.57,58.56999969482422,Healthcare,Health Information Services,12.57,77.1,76.6,0.01666,False,False,False,75.2,Markup,"{'trend': 100, 'momentum': 95.9, 'flow': 100, 'volatility': 23, 'structure': 80.0, 'momentum_quality': 100, 'insider': 50.0}",6.5,-26.469703879445294,0.1901,Tactical Overweight,매수 우위 (강력 매수 - 다중지표 강세 컨플루언스 확인),True,상승,상단 돌파,정배열,23.8,10.0,상승,54082640.70546313,,-0.127,0.70112,-0.15198,179656000.0,"[{'text': '상승 추세', 'cls': 'positive'}, {'text': '🔄 MACD 반전', 'cls': 'positive'}, {'text': '🔥 Accumulation Confluence (CMF+ADL)', 'cls': 'positive'}, {'text': '🎯 시그널 컨플루언스 (3)', 'cls': 'positive'}, {'text': 'Stoch 골든크로스', 'cls': 'positive'}, {'text': 'OBV 상승', 'cls': 'positive'}, {'text': '⚠️ 매출 감소(-13%)', 'cls': 'negative'}, {'text': '🚨 공매도 비중 주의 (19.01%)', 'cls': 'negative'}, {'text': '🔥 숏커버 (-26.5%)', 'cls': 'positive'}, {'text': '📉 AI 예상: +0.0%', 'cls': 'negative'}]","{'mfc': 77, 'wyckoff': 80, 'stochastic': 72.03785720635634, 'obv': 75, 'bollinger': 0, 'momentum_quality': 100, 'regime_score': 50, 'rr_score': 81.2, 'base_tech': np.float64(73.9)}","{'base_tech_score': np.float64(73.9), 'insider_bonus': 0.0, 'deviation_penalty': 0.0, 'blowoff_penalty': 0.0, 'short_excessive_penalty': 0.0, 'weekly_penalty': 0.0, 'resistance_penalty': 0.0, 'rr_penalty': 0.0, 'cmf_confluence_val': 0.0, 'penny_penalty': 0.0, 'penny_non_acc_penalty': 0.0, 'scalping_bonus': 10.0, 'fund_penalty': 16.0, 'macd_reversal_bonus': 5.0, 'sector_rs_bonus': 0.0, 'confluence_bonus': 8.0, 'short_squeeze_bonus': 0.0, 'ai_momentum_bonus': 0.0}",+0.00%,77.1,BUY,+0.00%,0.5,12.57,1.79,1.79,False,False
ET,Energy Transfer LP,$20.59,20.59000015258789,Energy,Oil & Gas Midstream,2.29,75.1,73.7,0.1029,False,False,False,67.5,Markup,"{'trend': 100, 'momentum': 87.1, 'flow': 47.0, 'volatility': 73, 'structure': 80.0, 'momentum_quality': 85.1, 'insider': 50.0}",2.0,4.560999895153357,0.0109,Tactical Overweight,매수 우위 (강력 매수 - 다중지표 강세 컨플루언스 확인),True,상승,상단 돌파,정배열,3.1,16.0,하락,-90112211.53278887,0.795,0.784,0.17509001,0.1041,3159124992.0,"[{'text': '상승 추세', 'cls': 'positive'}, {'text': '🔄 MACD 반전', 'cls': 'positive'}, {'text': '🎯 시그널 컨플루언스 (4)', 'cls': 'positive'}, {'text': 'Stoch 골든크로스', 'cls': 'positive'}, {'text': 'OBV 상승', 'cls': 'positive'}, {'text': 'Squeeze 대기', 'cls': 'neutral'}, {'text': '📈 EPS 반등/턴어라운드', 'cls': 'positive'}, {'text': '🚀 매출 고성장', 'cls': 'positive'}, {'text': '📉 AI 예상: +0.0%', 'cls': 'negative'}]","{'mfc': 74, 'wyckoff': 80, 'stochastic': 72.82598667283142, 'obv': 75, 'bollinger': 0, 'momentum_quality': 85.1, 'regime_score': 50, 'rr_score': 56.1, 'base_tech': np.float64(70.7)}","{'base_tech_score': np.float64(70.7), 'insider_bonus': 0.0, 'deviation_penalty': 0.0, 'blowoff_penalty': 0.0, 'short_excessive_penalty': 0.0, 'weekly_penalty': 0.0, 'resistance_penalty': 0.0, 'rr_penalty': 0.0, 'cmf_confluence_val': -6, 'penny_penalty': 0.0, 'penny_non_acc_penalty': 0.0, 'scalping_bonus': 16.0, 'fund_penalty': -25.0, 'macd_reversal_bonus': 5.0, 'sector_rs_bonus': 0.0, 'confluence_bonus': 8.0, 'short_squeeze_bonus': 0.0, 'ai_momentum_bonus': 0.0}",+0.00%,75.1,BUY,+0.00%,0.5,2.29,1.2,1.2,True,False
COP,ConocoPhillips,$123.03,123.02999877929688,Energy,Oil & Gas E&P,4.61,74.6,72.8,0.00098,False,False,False,63.3,Markup,"{'trend': 65.0, 'momentum': 87.9, 'flow': 100, 'volatility': 63, 'structure': 80.0, 'momentum_quality': 63.5, 'insider': 50.0}",7.0,-13.551628804591061,0.017,Tactical Overweight,매수 우위 (강력 매수 - 다중지표 강세 컨플루언스 확인),True,상승,상단 돌파,혼합,5.1,10.0,상승,72015501.83951372,0.994,0.355,0.47574002,0.3151,7691375104.0,"[{'text': '상승 추세', 'cls': 'positive'}, {'text': '🔄 MACD 반전', 'cls': 'positive'}, {'text': '📊 VWAP 상회 주의', 'cls': 'neutral'}, {'text': '🎯 시그널 컨플루언스 (3)', 'cls': 'positive'}, {'text': 'Stoch 골든크로스', 'cls': 'positive'}, {'text': 'OBV 상승', 'cls': 'positive'}, {'text': '📈 EPS 반등/턴어라운드', 'cls': 'positive'}, {'text': '🚀 매출 고성장', 'cls': 'positive'}, {'text': '🔥 숏커버 (-13.6%)', 'cls': 'positive'}, {'text': '📉 AI 예상: +0.0%', 'cls': 'negative'}]","{'mfc': 73, 'wyckoff': 80, 'stochastic': 90.40514965944206, 'obv': 75, 'bollinger': 0, 'momentum_quality': 63.5, 'regime_score': 50, 'rr_score': 64.6, 'base_tech': np.float64(69.3)}","{'base_tech_score': np.float64(69.3), 'insider_bonus': 0.0, 'deviation_penalty': 0.0, 'blowoff_penalty': 0.0, 'short_excessive_penalty': 0.0, 'weekly_penalty': 0.0, 'resistance_penalty': 0.0, 'rr_penalty': 0.0, 'cmf_confluence_val': 0.0, 'penny_penalty': 0.0, 'penny_non_acc_penalty': 0.0, 'scalping_bonus': 10.0, 'fund_penalty': -25.0, 'macd_reversal_bonus': 5.0, 'sector_rs_bonus': 0.0, 'confluence_bonus': 8.0, 'short_squeeze_bonus': 0.0, 'ai_momentum_bonus': 0.0}",+0.00%,74.6,BUY,+0.00%,0.5,4.61,0.67,0.67,False,False
WHD,"Cactus, Inc. Class A Common Sto",$71.07,71.06999969482422,Energy,Oil & Gas Equipment & Services,4.67,74.4,75.4,0.00972,False,False,False,73.9,Markup,"{'trend': 100, 'momentum': 87.0, 'flow': 100, 'volatility': 13, 'structure': 80.0, 'momentum_quality': 100, 'insider': 50.0}",0.0,0.3244795011984397,0.060599998,Tactical Overweight,매수 우위 (강력 매수 - 다중지표 강세 컨플루언스 확인),True,상승,상단,정배열,20.5,16.0,상승,1253718.2362091267,0.215,0.643,0.33233002,0.18593,129337624.0,"[{'text': '상승 추세', 'cls': 'positive'}, {'text': '🔥 Accumulation Confluence (CMF+ADL)', 'cls': 'positive'}, {'text': 'Stoch 골든크로스', 'cls': 'positive'}, {'text': 'OBV 상승', 'cls': 'positive'}, {'text': '🚀 매출 고성장', 'cls': 'positive'}, {'text': '📉 AI 예상: +0.0%', 'cls': 'negative'}]","{'mfc': 75, 'wyckoff': 80, 'stochastic': 56.00926748390865, 'obv': 75, 'bollinger': 0, 'momentum_quality': 100, 'regime_score': 50, 'rr_score': 65.1, 'base_tech': np.float64(71.5)}","{'base_tech_score': np.float64(71.5), 'insider_bonus': 0.0, 'deviation_penalty': 0.0, 'blowoff_penalty': 0.0, 'short_excessive_penalty': 0.0, 'weekly_penalty': 0.0, 'resistance_penalty': 0.0, 'rr_penalty': 0.0, 'cmf_confluence_val': 0.0, 'penny_penalty': 0.0, 'penny_non_acc_penalty': 0.0, 'scalping_bonus': 16.0, 'fund_penalty': -15.0, 'macd_reversal_bonus': 0.0, 'sector_rs_bonus': 0.0, 'confluence_bonus': 0.0, 'short_squeeze_bonus': 0.0, 'ai_momentum_bonus': 0.0}",+0.00%,74.4,BUY,+0.00%,0.5,4.67,1.01,1.01,True,False
ABNB,"Airbnb, Inc.",$184.70,184.6999969482422,Consumer Cyclical,Travel Services,3.72,74.3,78.7,0.01112,False,False,False,81.5,Markup,"{'trend': 100, 'momentum': 88.5, 'flow': 100, 'volatility': 33, 'structure': 80.0, 'momentum_quality': 98.2, 'insider': 50.0}",0.0,-4.371066092448442,0.0339,Tactical Overweight,매수 우위 (강력 매수 - 다중지표 강세 컨플루언스 확인),True,상승,상단 돌파,정배열,22.3,16.0,상승,21595540.595027376,0.271,0.165,0.82901,0.21009001,3206874880.0,"[{'text': '상승 추세', 'cls': 'positive'}, {'text': '🔥 Accumulation Confluence (CMF+ADL)', 'cls': 'positive'}, {'text': 'Stoch 골든크로스', 'cls': 'positive'}, {'text': 'OBV 상승', 'cls': 'positive'}, {'text': '📉 AI 예상: +0.0%', 'cls': 'negative'}]","{'mfc': 79, 'wyckoff': 80, 'stochastic': 67.82463696298433, 'obv': 75, 'bollinger': 0, 'momentum_quality': 98.2, 'regime_score': 40, 'rr_score': 71.4, 'base_tech': np.float64(73.8)}","{'base_tech_score': np.float64(73.8), 'insider_bonus': 0.0, 'deviation_penalty': 0.0, 'blowoff_penalty': 0.0, 'short_excessive_penalty': 0.0, 'weekly_penalty': 0.0, 'resistance_penalty': 0.0, 'rr_penalty': 0.0, 'cmf_confluence_val': 0.0, 'penny_penalty': 0.0, 'penny_non_acc_penalty': 0.0, 'scalping_bonus': 16.0, 'fund_penalty': -8.0, 'macd_reversal_bonus': 0.0, 'sector_rs_bonus': 0.0, 'confluence_bonus': 0.0, 'short_squeeze_bonus': 0.0, 'ai_momentum_bonus': 0.0}",+0.00%,74.3,BUY,+0.00%,0.5,3.72,2.13,2.13,True,False
LLY,Eli Lilly and Company,$1231.94,1231.93994140625,Healthcare,Drug Manufacturers - General,3.9,73.5,73.4,0.00155,False,False,False,60.7,Markup,"{'trend': 100, 'momentum': 88.1, 'flow': 67.0, 'volatility': 53, 'structure': 80.0, 'momentum_quality': 79.8, 'insider': 50.0}",0.0,6.376587425159677,0.0115,Tactical Overweight,매수 우위 (강력 매수 - 다중지표 강세 컨플루언스 확인),True,상승,상단,정배열,5.0,16.0,하락,-12519151.38334664,0.253,0.477,0.83399004,0.54222,11065900032.0,"[{'text': '상승 추세', 'cls': 'positive'}, {'text': '🔄 MACD 반전', 'cls': 'positive'}, {'text': '🎯 시그널 컨플루언스 (3)', 'cls': 'positive'}, {'text': 'Stoch 골든크로스', 'cls': 'positive'}, {'text': 'OBV 상승', 'cls': 'positive'}, {'text': '🚀 매출 고성장', 'cls': 'positive'}, {'text': '📉 AI 예상: +0.0%', 'cls': 'negative'}]","{'mfc': 73, 'wyckoff': 80, 'stochastic': 93.90852845100568, 'obv': 75, 'bollinger': 0, 'momentum_quality': 79.8, 'regime_score': 50, 'rr_score': 56.7, 'base_tech': np.float64(72.3)}","{'base_tech_score': np.float64(72.3), 'insider_bonus': 0.0, 'deviation_penalty': 0.0, 'blowoff_penalty': 0.0, 'short_excessive_penalty': 0.0, 'weekly_penalty': 0.0, 'resistance_penalty': 0.0, 'rr_penalty': 0.0, 'cmf_confluence_val': 0.0, 'penny_penalty': 0.0, 'penny_non_acc_penalty': 0.0, 'scalping_bonus': 16.0, 'fund_penalty': -15.0, 'macd_reversal_bonus': 5.0, 'sector_rs_bonus': 0.0, 'confluence_bonus': 8.0, 'short_squeeze_bonus': 0.0, 'ai_momentum_bonus': 0.0}",+0.00%,73.5,BUY,+0.00%,0.5,3.9,0.99,0.99,True,False
BMRN,BioMarin Pharmaceutical Inc.,$68.88,68.87999725341797,Healthcare,Biotechnology,7.95,71.2,78.1,0.00345,False,False,False,77.9,Markup,"{'trend': 100, 'momentum': 88.4, 'flow': 100, 'volatility': 43, 'structure': 80.0, 'momentum_quality': 98.2, 'insider': 50.0}",-5.0,14.377369681877797,0.0743,Tactical Overweight,매수 우위 (강력 매수 - 다중지표 강세 컨플루언스 확인),True,상승,상단 돌파,정배열,13.7,16.0,상승,10926995.292074058,-0.814,0.199,0.50968,0.21162,85157376.0,"[{'text': '상승 추세', 'cls': 'positive'}, {'text': '🚨 강력한 하방 압력(공매도 급증 +14.4%)', 'cls': 'negative'}, {'text': '🔥 Accumulation Confluence (CMF+ADL)', 'cls': 'positive'}, {'text': 'Stoch 골든크로스', 'cls': 'positive'}, {'text': 'OBV 상승', 'cls': 'positive'}, {'text': '🚨 EPS 급락(-81%)', 'cls': 'negative'}, {'text': '📉 AI 예상: +0.0%', 'cls': 'negative'}]","{'mfc': 78, 'wyckoff': 80, 'stochastic': 86.54122666931947, 'obv': 75, 'bollinger': 0, 'momentum_quality': 98.2, 'regime_score': 50, 'rr_score': 72.0, 'base_tech': np.float64(75.8)}","{'base_tech_score': np.float64(75.8), 'insider_bonus': 0.0, 'deviation_penalty': 0.0, 'blowoff_penalty': 0.0, 'short_excessive_penalty': 25, 'weekly_penalty': 0.0, 'resistance_penalty': 0.0, 'rr_penalty': 0.0, 'cmf_confluence_val': 0.0, 'penny_penalty': 0.0, 'penny_non_acc_penalty': 0.0, 'scalping_bonus': 16.0, 'fund_penalty': 17.0, 'macd_reversal_bonus': 0.0, 'sector_rs_bonus': 0.0, 'confluence_bonus': 0.0, 'short_squeeze_bonus': 0.0, 'ai_momentum_bonus': 0.0}",+0.00%,71.2,BUY,+0.00%,0.5,7.95,2.35,2.35,True,False
GTLB,GitLab Inc.,$40.73,40.72999954223633,Technology,Software - Infrastructure,4.52,70.7,77.5,0.035099998,False,False,False,74.3,Markup,"{'trend': 100, 'momentum': 86.9, 'flow': 100, 'volatility': 33, 'structure': 80.0, 'momentum_quality': 98.2, 'insider': 50.0}",2.0,-8.193449728222872,0.114700004,Tactical Overweight,매수 우위 (강력 매수 - 다중지표 강세 컨플루언스 확인),True,상승,상단 돌파,정배열,19.5,10.0,상승,27167480.525940966,,0.231,0.8676,-0.05962,312896736.0,"[{'text': '상승 추세', 'cls': 'positive'}, {'text': '🔥 Accumulation Confluence (CMF+ADL)', 'cls': 'positive'}, {'text': 'Stoch 골든크로스', 'cls': 'positive'}, {'text': 'OBV 상승', 'cls': 'positive'}, {'text': '🚨 공매도 비중 주의 (11.47%)', 'cls': 'negative'}]","{'mfc': 78, 'wyckoff': 80, 'stochastic': 56.915362920589736, 'obv': 75, 'bollinger': 0, 'momentum_quality': 98.2, 'regime_score': 50, 'rr_score': 68.0, 'base_tech': np.float64(72.1)}","{'base_tech_score': np.float64(72.1), 'insider_bonus': 0.0, 'deviation_penalty': 0.0, 'blowoff_penalty': 0.0, 'short_excessive_penalty': 0.0, 'weekly_penalty': 0.0, 'resistance_penalty': 0.0, 'rr_penalty': 0.0, 'cmf_confluence_val': 0.0, 'penny_penalty': 0.0, 'penny_non_acc_penalty': 0.0, 'scalping_bonus': 10.0, 'fund_penalty': 5.0, 'macd_reversal_bonus': 0.0, 'sector_rs_bonus': 0.0, 'confluence_bonus': 0.0, 'short_squeeze_bonus': 0.0, 'ai_momentum_bonus': 0.0}",N/A,,,,,4.52,1.08,1.08,False,False
D05.SI,DBS,$76.77,76.7699966430664,Financial Services,Banks - Regional,0.58,70.0,75.8,0.006,False,False,False,74.7,Markup,"{'trend': 100, 'momentum': 58.6, 'flow': 97.0, 'volatility': 73, 'structure': 80.0, 'momentum_quality': 95.2, 'insider': 50.0}",2.0,,0.0,Tactical Overweight,매수 우위 (강력 매수 - 다중지표 강세 컨플루언스 확인),True,상승,상단 돌파,정배열,3.9,6.0,상승,71558942.61831705,0.09,0.068,0.0,0.60739,,"[{'text': '상승 추세', 'cls': 'positive'}, {'text': '🔥 Accumulation Confluence (CMF+ADL)', 'cls': 'positive'}, {'text': '🎯 시그널 컨플루언스 (3)', 'cls': 'positive'}, {'text': 'Stoch 골든크로스', 'cls': 'positive'}, {'text': 'OBV 상승', 'cls': 'positive'}, {'text': 'Squeeze 대기', 'cls': 'neutral'}, {'text': '📉 AI 예상: +0.0%', 'cls': 'negative'}]","{'mfc': 76, 'wyckoff': 80, 'stochastic': 65.91667530196258, 'obv': 75, 'bollinger': 0, 'momentum_quality': 95.2, 'regime_score': 50, 'rr_score': 100, 'base_tech': np.float64(72.1)}","{'base_tech_score': np.float64(72.1), 'insider_bonus': 0.0, 'deviation_penalty': 0.0, 'blowoff_penalty': 0.0, 'short_excessive_penalty': 0.0, 'weekly_penalty': 0.0, 'resistance_penalty': 0.0, 'rr_penalty': 0.0, 'cmf_confluence_val': 0.0, 'penny_penalty': 0.0, 'penny_non_acc_penalty': 0.0, 'scalping_bonus': 6.0, 'fund_penalty': 0.0, 'macd_reversal_bonus': 0.0, 'sector_rs_bonus': 0.0, 'confluence_bonus': 8.0, 'short_squeeze_bonus': 0.0, 'ai_momentum_bonus': 0.0}",+0.00%,70.0,BUY,+0.00%,0.5,0.55,0.88,0.88,True,False
SDRL,Seadrill Limited,$46.76,46.7599983215332,Energy,Oil & Gas Drilling,8.14,69.9,75.1,0.0069199996,False,False,False,61.8,Markup,"{'trend': 85.0, 'momentum': 88.0, 'flow': 94.0, 'volatility': 53, 'structure': 80.0, 'momentum_quality': 75.4, 'insider': 50.0}",-2.0,9.418533968377547,0.077800006,Tactical Overweight,매수 우위 (강력 매수 - 다중지표 강세 컨플루언스 확인),True,상승,상단 돌파,골든크로스 진행,8.0,10.0,상승,2758866.894528997,,0.088,0.30988002,0.07184,114000000.0,"[{'text': '상승 추세', 'cls': 'positive'}, {'text': '🚨 강력한 하방 압력(공매도 급증 +9.4%)', 'cls': 'negative'}, {'text': '🔄 MACD 반전', 'cls': 'positive'}, {'text': '🎯 시그널 컨플루언스 (3)', 'cls': 'positive'}, {'text': 'Stoch 골든크로스', 'cls': 'positive'}, {'text': 'OBV 상승', 'cls': 'positive'}, {'text': '📉 AI 예상: +0.0%', 'cls': 'negative'}]","{'mfc': 75, 'wyckoff': 80, 'stochastic': 93.57487355021952, 'obv': 75, 'bollinger': 0, 'momentum_quality': 75.4, 'regime_score': 50, 'rr_score': 100, 'base_tech': np.float64(72.2)}","{'base_tech_score': np.float64(72.2), 'insider_bonus': 0.0, 'deviation_penalty': 0.0, 'blowoff_penalty': 0.0, 'short_excessive_penalty': 25, 'weekly_penalty': 0.0, 'resistance_penalty': 0.0, 'rr_penalty': 0.0, 'cmf_confluence_val': 0.0, 'penny_penalty': 0.0, 'penny_non_acc_penalty': 0.0, 'scalping_bonus': 10.0, 'fund_penalty': 0.0, 'macd_reversal_bonus': 5.0, 'sector_rs_bonus': 0.0, 'confluence_bonus': 8.0, 'short_squeeze_bonus': 0.0, 'ai_momentum_bonus': 0.0}",+0.00%,69.9,BUY,+0.00%,0.5,8.14,1.5,1.5,False,False
OXY,Occidental Petroleum Corporatio,$58.65,58.650001525878906,Energy,Oil & Gas E&P,4.9,69.9,67.3,0.26811,False,False,False,61.6,Markup,"{'trend': 65.0, 'momentum': 88.4, 'flow': 67.0, 'volatility': 53, 'structure': 80.0, 'momentum_quality': 71.9, 'insider': 50.0}",2.0,-1.147124419582465,0.0001,Tactical Overweight,매수 우위 (강력 매수 - 다중지표 강세 컨플루언스 확인),True,상승,상단 돌파,혼합,5.3,10.0,하락,115377143.05146694,5.5,0.534,0.73318,0.45443,3788124928.0,"[{'text': '상승 추세', 'cls': 'positive'}, {'text': '🔄 MACD 반전', 'cls': 'positive'}, {'text': '🎯 시그널 컨플루언스 (3)', 'cls': 'positive'}, {'text': 'Stoch 골든크로스', 'cls': 'positive'}, {'text': 'OBV 상승', 'cls': 'positive'}, {'text': '📈 EPS 반등/턴어라운드', 'cls': 'positive'}, {'text': '🚀 매출 고성장', 'cls': 'positive'}, {'text': '📉 AI 예상: +0.0%', 'cls': 'negative'}]","{'mfc': 67, 'wyckoff': 80, 'stochastic': 100, 'obv': 75, 'bollinger': 0, 'momentum_quality': 71.9, 'regime_score': 50, 'rr_score': 72.4, 'base_tech': np.float64(69.7)}","{'base_tech_score': np.float64(69.7), 'insider_bonus': 0.0, 'deviation_penalty': 0.0, 'blowoff_penalty': 0.0, 'short_excessive_penalty': 0.0, 'weekly_penalty': 0.0, 'resistance_penalty': 0.0, 'rr_penalty': 0.0, 'cmf_confluence_val': 0.0, 'penny_penalty': 0.0, 'penny_non_acc_penalty': 0.0, 'scalping_bonus': 10.0, 'fund_penalty': -25.0, 'macd_reversal_bonus': 5.0, 'sector_rs_bonus': 0.0, 'confluence_bonus': 8.0, 'short_squeeze_bonus': 0.0, 'ai_momentum_bonus': 0.0}",+0.00%,69.9,BUY,+0.00%,0.5,4.9,0.75,0.75,False,False
QGEN,Qiagen N.V.,$43.85,43.849998474121094,Healthcare,Diagnostics & Research,3.66,69.0,72.9,0.00466,False,False,False,69.2,Markup,"{'trend': 65.0, 'momentum': 86.6, 'flow': 87.0, 'volatility': 73, 'structure': 80.0, 'momentum_quality': 86.3, 'insider': 50.0}",0.0,4.3472630880384235,0.0435,Tactical Overweight,매수 우위 (강력 매수 - 다중지표 강세 컨플루언스 확인),True,상승,상단 돌파,혼합,5.4,10.0,상승,-19251380.448684786,0.074,0.003,0.66385,0.26325,372855136.0,"[{'text': '상승 추세', 'cls': 'positive'}, {'text': '🔄 MACD 반전', 'cls': 'positive'}, {'text': '🎯 시그널 컨플루언스 (4)', 'cls': 'positive'}, {'text': 'Stoch 골든크로스', 'cls': 'positive'}, {'text': 'OBV 상승', 'cls': 'positive'}, {'text': 'Squeeze 대기', 'cls': 'neutral'}, {'text': '📉 AI 예상: +0.0%', 'cls': 'negative'}]","{'mfc': 73, 'wyckoff': 80, 'stochastic': 54.018526042478925, 'obv': 75, 'bollinger': 0, 'momentum_quality': 86.3, 'regime_score': 50, 'rr_score': 80.6, 'base_tech': np.float64(68.3)}","{'base_tech_score': np.float64(68.3), 'insider_bonus': 0.0, 'deviation_penalty': 0.0, 'blowoff_penalty': 0.0, 'short_excessive_penalty': 0.0, 'weekly_penalty': 0.0, 'resistance_penalty': 0.0, 'rr_penalty': 0.0, 'cmf_confluence_val': 0.0, 'penny_penalty': 0.0, 'penny_non_acc_penalty': 0.0, 'scalping_bonus': 10.0, 'fund_penalty': 0.0, 'macd_reversal_bonus': 5.0, 'sector_rs_bonus': 0.0, 'confluence_bonus': 8.0, 'short_squeeze_bonus': 0.0, 'ai_momentum_bonus': 0.0}",+0.00%,69.0,BUY,+0.00%,0.5,3.66,0.97,0.97,False,False
GCL,GCL Global Holdings Ltd,$0.55,0.546999990940094,Communication Services,Electronic Gaming & Multimedia,6.21,69.0,65.6,0.7028,False,False,False,63.1,Markup,"{'trend': 86.0, 'momentum': 95.1, 'flow': 41.0, 'volatility': 23, 'structure': 80.0, 'momentum_quality': 100, 'insider': 45.0}",8.0,-44.83795147993291,0.0042,Tactical Overweight,매수 우위 (강력 매수 - 다중지표 강세 컨플루언스 확인),False,상승,상단 돌파,골든크로스 진행,16.7,18.0,하락,-62989527.996298835,,0.538,0.1035,-0.04741,-36446824.0,"[{'text': '상승 추세', 'cls': 'positive'}, {'text': '📊 VWAP 하회 매수↗', 'cls': 'positive'}, {'text': 'OBV 상승', 'cls': 'positive'}, {'text': '거래량 폭발', 'cls': 'neutral'}, {'text': '🚀 매출 고성장', 'cls': 'positive'}, {'text': '🔥 숏커버 (-44.8%)', 'cls': 'positive'}]","{'mfc': 66, 'wyckoff': 80, 'stochastic': 40.3922540858391, 'obv': 75, 'bollinger': 0, 'momentum_quality': 100, 'regime_score': 50, 'rr_score': 100, 'base_tech': np.float64(66.2)}","{'base_tech_score': np.float64(66.2), 'insider_bonus': 0.0, 'deviation_penalty': 0.0, 'blowoff_penalty': 0.0, 'short_excessive_penalty': 0.0, 'weekly_penalty': 0.0, 'resistance_penalty': 0.0, 'rr_penalty': 0.0, 'cmf_confluence_val': -6, 'penny_penalty': 0.0, 'penny_non_acc_penalty': 0.0, 'scalping_bonus': 18.0, 'fund_penalty': 3.0, 'macd_reversal_bonus': 0.0, 'sector_rs_bonus': 0.0, 'confluence_bonus': 0.0, 'short_squeeze_bonus': 0.0, 'ai_momentum_bonus': 0.0}",N/A,,,,,7.19,4.12,4.12,False,False
NTSK,"Netskope, Inc.",$15.67,15.670000076293945,Technology,Software - Infrastructure,5.38,67.9,74.8,0.03813,False,False,False,71.4,Markup,"{'trend': 100, 'momentum': 96.6, 'flow': 100, 'volatility': 13, 'structure': 80.0, 'momentum_quality': 100, 'insider': 50.0}",0.0,4.644332958005578,0.0866,Tactical Overweight,매수 우위 (강력 매수 - 다중지표 강세 컨플루언스 확인),True,상승,상단 돌파,정배열,19.6,10.0,상승,55229434.838119105,,0.278,0.69265,-0.53938997,264194256.0,"[{'text': '상승 추세', 'cls': 'positive'}, {'text': '🔥 Accumulation Confluence (CMF+ADL)', 'cls': 'positive'}, {'text': 'Stoch 골든크로스', 'cls': 'positive'}, {'text': 'OBV 상승', 'cls': 'positive'}, {'text': '🚀 매출 고성장', 'cls': 'positive'}, {'text': '🔴 영업손실(-54%)', 'cls': 'negative'}]","{'mfc': 75, 'wyckoff': 80, 'stochastic': 54.720028578384046, 'obv': 75, 'bollinger': 0, 'momentum_quality': 100, 'regime_score': 50, 'rr_score': 66.2, 'base_tech': np.float64(71.1)}","{'base_tech_score': np.float64(71.1), 'insider_bonus': 0.0, 'deviation_penalty': 0.0, 'blowoff_penalty': 0.0, 'short_excessive_penalty': 0.0, 'weekly_penalty': 0.0, 'resistance_penalty': 0.0, 'rr_penalty': 0.0, 'cmf_confluence_val': 0.0, 'penny_penalty': 0.0, 'penny_non_acc_penalty': 0.0, 'scalping_bonus': 10.0, 'fund_penalty': 5.0, 'macd_reversal_bonus': 0.0, 'sector_rs_bonus': 0.0, 'confluence_bonus': 0.0, 'short_squeeze_bonus': 0.0, 'ai_momentum_bonus': 0.0}",N/A,,,,,5.38,1.34,1.34,False,False
OMDA,"Omada Health, Inc.",$24.99,24.989999771118164,Healthcare,Health Information Services,5.58,67.2,67.1,0.02169,False,False,False,69.2,Markup,"{'trend': 45.0, 'momentum': 100, 'flow': 100, 'volatility': 13, 'structure': 80.0, 'momentum_quality': 100, 'insider': 50.0}",0.0,2.3943836718270965,0.1369,Tactical Overweight,매수 우위 (강력 매수 - 다중지표 강세 컨플루언스 확인),True,상승,상단,데드크로스 진행,15.4,10.0,상승,12892907.461010456,,0.431,0.68185997,0.040409997,11915250.0,"[{'text': '상승 추세', 'cls': 'positive'}, {'text': '🔄 MACD 반전', 'cls': 'positive'}, {'text': '🎯 시그널 컨플루언스 (3)', 'cls': 'positive'}, {'text': 'Stoch 골든크로스', 'cls': 'positive'}, {'text': 'OBV 상승', 'cls': 'positive'}, {'text': '🚀 매출 고성장', 'cls': 'positive'}, {'text': '🚨 공매도 비중 주의 (13.69%)', 'cls': 'negative'}, {'text': '📉 AI 예상: +0.0%', 'cls': 'negative'}]","{'mfc': 67, 'wyckoff': 80, 'stochastic': 100, 'obv': 75, 'bollinger': 0, 'momentum_quality': 100, 'regime_score': 50, 'rr_score': 56.7, 'base_tech': np.float64(73.9)}","{'base_tech_score': np.float64(73.9), 'insider_bonus': 0.0, 'deviation_penalty': 0.0, 'blowoff_penalty': 0.0, 'short_excessive_penalty': 0.0, 'weekly_penalty': 0.0, 'resistance_penalty': 0.0, 'rr_penalty': 0.0, 'cmf_confluence_val': 0.0, 'penny_penalty': 0.0, 'penny_non_acc_penalty': 0.0, 'scalping_bonus': 10.0, 'fund_penalty': -10.0, 'macd_reversal_bonus': 5.0, 'sector_rs_bonus': 0.0, 'confluence_bonus': 8.0, 'short_squeeze_bonus': 0.0, 'ai_momentum_bonus': 0.0}",+0.00%,67.2,BUY,+0.00%,0.5,5.58,2.1,2.1,False,False
ORKA,"Oruka Therapeutics, Inc.",$105.14,105.13999938964844,Healthcare,Biotechnology,6.4,67.0,77.1,0.012250001,False,True,False,69.6,Markup,"{'trend': 100, 'momentum': 98.4, 'flow': 98.0, 'volatility': 33, 'structure': 80.0, 'momentum_quality': 100, 'insider': 50.0}",-8.0,28.075451399108875,0.2232,Tactical Overweight,매수 우위 (강력 매수 - 다중지표 강세 컨플루언스 확인),True,상승,상단 돌파,정배열,12.6,16.0,상승,-2824823.6199009037,,,0.0,0.0,-56126376.0,"[{'text': '상승 추세', 'cls': 'positive'}, {'text': '🚨 강력한 하방 압력(공매도 급증 +28.1%)', 'cls': 'negative'}, {'text': '📊 VWAP 상회 주의', 'cls': 'neutral'}, {'text': '🔥 Accumulation Confluence (CMF+ADL)', 'cls': 'positive'}, {'text': '🚀 숏스퀴즈 가능성', 'cls': 'positive'}, {'text': 'Stoch 골든크로스', 'cls': 'positive'}, {'text': 'OBV 상승', 'cls': 'positive'}, {'text': '🔴 적자기업(PER<0)', 'cls': 'negative'}, {'text': '🚨 공매도 비중 주의 (22.32%)', 'cls': 'negative'}, {'text': '📉 AI 예상: +0.0%', 'cls': 'negative'}]","{'mfc': 77, 'wyckoff': 80, 'stochastic': 55.6756043758789, 'obv': 75, 'bollinger': 0, 'momentum_quality': 100, 'regime_score': 50, 'rr_score': 68.9, 'base_tech': np.float64(72.1)}","{'base_tech_score': np.float64(72.1), 'insider_bonus': 0.0, 'deviation_penalty': 0.0, 'blowoff_penalty': 0.0, 'short_excessive_penalty': 25, 'weekly_penalty': 0.0, 'resistance_penalty': 0.0, 'rr_penalty': 0.0, 'cmf_confluence_val': 0.0, 'penny_penalty': 0.0, 'penny_non_acc_penalty': 0.0, 'scalping_bonus': 16.0, 'fund_penalty': 23.0, 'macd_reversal_bonus': 0.0, 'sector_rs_bonus': 0.0, 'confluence_bonus': 0.0, 'short_squeeze_bonus': 15.0, 'ai_momentum_bonus': 0.0}",+0.00%,67.0,BUY,+0.00%,0.5,6.4,0.67,0.67,True,False
NOG,"Northern Oil and Gas, Inc.",$23.49,23.489999771118164,Energy,Oil & Gas E&P,8.75,66.0,71.8,0.02894,False,True,False,66.2,Markup,"{'trend': 65.0, 'momentum': 100, 'flow': 98.0, 'volatility': 33, 'structure': 80.0, 'momentum_quality': 91.8, 'insider': 50.0}",-3.5,9.902164819586252,0.21069999,Tactical Overweight,매수 우위 (강력 매수 - 다중지표 강세 컨플루언스 확인),True,상승,상단 돌파,혼합,12.0,10.0,상승,1988763.4722243906,1.376,0.16,0.75398004,0.57238996,,"[{'text': '상승 추세', 'cls': 'positive'}, {'text': '🚨 강력한 하방 압력(공매도 급증 +9.9%)', 'cls': 'negative'}, {'text': '🔄 MACD 반전', 'cls': 'positive'}, {'text': '🎯 시그널 컨플루언스 (3)', 'cls': 'positive'}, {'text': '🚀 숏스퀴즈 가능성', 'cls': 'positive'}, {'text': 'Stoch 골든크로스', 'cls': 'positive'}, {'text': 'OBV 상승', 'cls': 'positive'}, {'text': '📈 EPS 반등/턴어라운드', 'cls': 'positive'}, {'text': '🚨 공매도 비중 주의 (21.07%)', 'cls': 'negative'}, {'text': '📉 AI 예상: +0.0%', 'cls': 'negative'}]","{'mfc': 72, 'wyckoff': 80, 'stochastic': 100, 'obv': 75, 'bollinger': 0, 'momentum_quality': 91.8, 'regime_score': 50, 'rr_score': 75.1, 'base_tech': np.float64(74.3)}","{'base_tech_score': np.float64(74.3), 'insider_bonus': 0.0, 'deviation_penalty': 0.0, 'blowoff_penalty': 0.0, 'short_excessive_penalty': 25, 'weekly_penalty': 0.0, 'resistance_penalty': 0.0, 'rr_penalty': 0.0, 'cmf_confluence_val': 0.0, 'penny_penalty': 0.0, 'penny_non_acc_penalty': 0.0, 'scalping_bonus': 10.0, 'fund_penalty': -18.0, 'macd_reversal_bonus': 5.0, 'sector_rs_bonus': 0.0, 'confluence_bonus': 8.0, 'short_squeeze_bonus': 15.0, 'ai_momentum_bonus': 0.0}",+0.00%,66.0,BUY,+0.00%,0.5,8.75,1.17,1.17,False,False
DKNG,DraftKings Inc.,$24.27,24.270000457763672,Consumer Cyclical,Gambling,1.0,64.3,63.4,0.029360002,False,False,False,50.4,Accumulation,"{'trend': 40.0, 'momentum': 85.5, 'flow': 87.0, 'volatility': 53, 'structure': 65.0, 'momentum_quality': 88.0, 'insider': 50.0}",0.0,-2.7596358815105893,0.081599995,Aggressive Buy,매수 우위 (분할 매수 - 바닥 확인 후 모멘텀 턴어라운드),True,상승,상단,혼합,1.8,0.0,상승,33214126.068587396,,-0.046,0.76129997,-0.04724,461744736.0,"[{'text': '매집 구간', 'cls': 'positive'}, {'text': '🔄 MACD 반전', 'cls': 'positive'}, {'text': '🎯 시그널 컨플루언스 (3)', 'cls': 'positive'}, {'text': 'Stoch 골든크로스', 'cls': 'positive'}, {'text': 'OBV 상승', 'cls': 'positive'}]","{'mfc': 63, 'wyckoff': 100, 'stochastic': 97.95930196490922, 'obv': 75, 'bollinger': 0, 'momentum_quality': 88.0, 'regime_score': 50, 'rr_score': 100, 'base_tech': np.float64(74.1)}","{'base_tech_score': np.float64(74.1), 'insider_bonus': 0.0, 'deviation_penalty': 0.0, 'blowoff_penalty': 0.0, 'short_excessive_penalty': 0.0, 'weekly_penalty': 0.0, 'resistance_penalty': 0.0, 'rr_penalty': 0.0, 'cmf_confluence_val': 0.0, 'penny_penalty': 0.0, 'penny_non_acc_penalty': 0.0, 'scalping_bonus': 0.0, 'fund_penalty': 8.0, 'macd_reversal_bonus': 5.0, 'sector_rs_bonus': 0.0, 'confluence_bonus': 8.0, 'short_squeeze_bonus': 0.0, 'ai_momentum_bonus': 0.0}",N/A,,,,,1.0,1.43,1.43,False,False
NXDR,"Nextdoor Holdings, Inc.",$2.68,2.680000066757202,Communication Services,Internet Content & Information,5.1,62.4,78.1,0.033570003,False,False,False,70.9,Markup,"{'trend': 100, 'momentum': 100, 'flow': 100, 'volatility': 33, 'structure': 80.0, 'momentum_quality': 100, 'insider': 50.0}",7.0,-13.205657179768066,0.027,Tactical Overweight,매수 우위 (강력 매수 - 다중지표 강세 컨플루언스 확인),True,상승,상단 돌파,정배열,12.6,10.0,상승,23771441.251373168,,0.145,0.84188,-0.076,22892500.0,"[{'text': '상승 추세', 'cls': 'positive'}, {'text': 'Stoch 골든크로스', 'cls': 'positive'}, {'text': 'OBV 상승', 'cls': 'positive'}, {'text': '🔴 적자기업(PER<0)', 'cls': 'negative'}, {'text': '🔥 숏커버 (-13.2%)', 'cls': 'positive'}]","{'mfc': 78, 'wyckoff': 80, 'stochastic': 81.4903349623495, 'obv': 75, 'bollinger': 0, 'momentum_quality': 100, 'regime_score': 50, 'rr_score': 45.8, 'base_tech': np.float64(75.5)}","{'base_tech_score': np.float64(75.5), 'insider_bonus': 0.0, 'deviation_penalty': 0.0, 'blowoff_penalty': 0.0, 'short_excessive_penalty': 0.0, 'weekly_penalty': 0.0, 'resistance_penalty': 0.0, 'rr_penalty': 0.0, 'cmf_confluence_val': 0.0, 'penny_penalty': 0.0, 'penny_non_acc_penalty': 0.0, 'scalping_bonus': 10.0, 'fund_penalty': 15.0, 'macd_reversal_bonus': 0.0, 'sector_rs_bonus': 0.0, 'confluence_bonus': 0.0, 'short_squeeze_bonus': 0.0, 'ai_momentum_bonus': 0.0}",N/A,,,,,5.1,1.1,1.1,False,False
S,"SentinelOne, Inc.",$22.23,22.229999542236328,Technology,Software - Infrastructure,3.88,61.1,75.9,0.00672,False,False,False,74.2,Markup,"{'trend': 100, 'momentum': 86.4, 'flow': 93.0, 'volatility': 33, 'structure': 80.0, 'momentum_quality': 100, 'insider': 50.0}",0.0,-3.7465388606241468,0.0641,Tactical Overweight,매수 우위 (강력 매수 - 다중지표 강세 컨플루언스 확인),True,상승,상단 돌파,정배열,14.1,16.0,상승,132623799.61472765,,0.208,0.73247004,-0.28803,268394256.0,"[{'text': '상승 추세', 'cls': 'positive'}, {'text': 'Stoch 골든크로스', 'cls': 'positive'}, {'text': 'OBV 상승', 'cls': 'positive'}, {'text': '🔴 영업손실(-29%)', 'cls': 'negative'}]","{'mfc': 76, 'wyckoff': 80, 'stochastic': 53.635482982803175, 'obv': 75, 'bollinger': 0, 'momentum_quality': 100, 'regime_score': 50, 'rr_score': 67.6, 'base_tech': np.float64(71.4)}","{'base_tech_score': np.float64(71.4), 'insider_bonus': 0.0, 'deviation_penalty': 0.0, 'blowoff_penalty': 0.0, 'short_excessive_penalty': 0.0, 'weekly_penalty': 0.0, 'resistance_penalty': 0.0, 'rr_penalty': 0.0, 'cmf_confluence_val': 0.0, 'penny_penalty': 0.0, 'penny_non_acc_penalty': 0.0, 'scalping_bonus': 16.0, 'fund_penalty': 12.0, 'macd_reversal_bonus': 0.0, 'sector_rs_bonus': 0.0, 'confluence_bonus': 0.0, 'short_squeeze_bonus': 0.0, 'ai_momentum_bonus': 0.0}",N/A,,,,,3.88,0.82,0.82,True,False
LFST,"LifeStance Health Group, Inc.",$11.90,11.899999618530273,Healthcare,Medical Care Facilities,9.78,56.5,66.1,0.0332,False,False,False,67.5,Markup,"{'trend': 45.0, 'momentum': 82.0, 'flow': 82.0, 'volatility': 73, 'structure': 80.0, 'momentum_quality': 100, 'insider': 50.0}",-5.0,17.955349801037237,0.0513,Tactical Overweight,매수 우위 (강력 매수 - 다중지표 강세 컨플루언스 확인),True,상승,상단 돌파,데드크로스 진행,8.7,18.0,상승,43867314.80411754,,0.261,0.33558998,0.0725,172356128.0,"[{'text': '상승 추세', 'cls': 'positive'}, {'text': '🚨 강력한 하방 압력(공매도 급증 +18.0%)', 'cls': 'negative'}, {'text': 'Stoch 골든크로스', 'cls': 'positive'}, {'text': 'OBV 상승', 'cls': 'positive'}, {'text': '거래량 폭발', 'cls': 'neutral'}, {'text': '🚀 매출 고성장', 'cls': 'positive'}]","{'mfc': 66, 'wyckoff': 80, 'stochastic': 96.07805334574167, 'obv': 75, 'bollinger': 0, 'momentum_quality': 100, 'regime_score': 50, 'rr_score': 83.8, 'base_tech': np.float64(73.1)}","{'base_tech_score': np.float64(73.1), 'insider_bonus': 0.0, 'deviation_penalty': 0.0, 'blowoff_penalty': 0.0, 'short_excessive_penalty': 25, 'weekly_penalty': 0.0, 'resistance_penalty': 0.0, 'rr_penalty': 0.0, 'cmf_confluence_val': 0.0, 'penny_penalty': 0.0, 'penny_non_acc_penalty': 0.0, 'scalping_bonus': 18.0, 'fund_penalty': -10.0, 'macd_reversal_bonus': 0.0, 'sector_rs_bonus': 0.0, 'confluence_bonus': 0.0, 'short_squeeze_bonus': 0.0, 'ai_momentum_bonus': 0.0}",N/A,,,,,9.78,2.82,2.82,False,False
LU,Lufax Holding Ltd,$1.66,1.659999966621399,Financial Services,Credit Services,10.67,55.7,76.1,0.03731,False,False,False,67.0,Markup,"{'trend': 85.0, 'momentum': 92.4, 'flow': 98.0, 'volatility': 33, 'structure': 80.0, 'momentum_quality': 98.2, 'insider': 45.0}",8.0,-27.952165962217034,0.0,Tactical Overweight,매수 우위 (강력 매수 - 다중지표 강세 컨플루언스 확인),True,상승,상단 돌파,골든크로스 진행,14.2,18.0,상승,-49629193.90638938,,-0.195,0.57401,0.59237,9534318592.0,"[{'text': '상승 추세', 'cls': 'positive'}, {'text': '⚠️ 장기 매물대(저항선) 충돌 위험', 'cls': 'negative'}, {'text': 'Stoch 골든크로스', 'cls': 'positive'}, {'text': 'OBV 상승', 'cls': 'positive'}, {'text': '거래량 폭발', 'cls': 'neutral'}, {'text': '⚠️ 매출 감소(-20%)', 'cls': 'negative'}, {'text': '🔥 숏커버 (-28.0%)', 'cls': 'positive'}]","{'mfc': 76, 'wyckoff': 80, 'stochastic': 61.374170133015085, 'obv': 75, 'bollinger': 0, 'momentum_quality': 98.2, 'regime_score': 50, 'rr_score': 100, 'base_tech': np.float64(72.1)}","{'base_tech_score': np.float64(72.1), 'insider_bonus': 0.0, 'deviation_penalty': 0.0, 'blowoff_penalty': 0.0, 'short_excessive_penalty': 0.0, 'weekly_penalty': 0.0, 'resistance_penalty': 15, 'rr_penalty': 0.0, 'cmf_confluence_val': 0.0, 'penny_penalty': 0.0, 'penny_non_acc_penalty': 0.0, 'scalping_bonus': 18.0, 'fund_penalty': 12.0, 'macd_reversal_bonus': 0.0, 'sector_rs_bonus': 0.0, 'confluence_bonus': 0.0, 'short_squeeze_bonus': 0.0, 'ai_momentum_bonus': 0.0}",N/A,,,,,10.67,3.61,3.61,False,False
DXCM,"DexCom, Inc.",$87.65,87.6500015258789,Healthcare,Medical Devices,3.42,55.6,79.6,0.0027,False,False,False,67.9,Markup,"{'trend': 100, 'momentum': 92.8, 'flow': 99.0, 'volatility': 33, 'structure': 80.0, 'momentum_quality': 98.2, 'insider': 50.0}",-2.0,9.61876433056643,0.0571,Tactical Overweight,매수 우위 (강력 매수 - 다중지표 강세 컨플루언스 확인),True,상승,상단,정배열,12.4,16.0,상승,31713520.36394204,0.385,0.131,0.62473,0.24327,1021162496.0,"[{'text': '상승 추세', 'cls': 'positive'}, {'text': '🚨 강력한 하방 압력(공매도 급증 +9.6%)', 'cls': 'negative'}, {'text': 'Stoch 골든크로스', 'cls': 'positive'}, {'text': 'OBV 상승', 'cls': 'positive'}]","{'mfc': 80, 'wyckoff': 80, 'stochastic': 60.99577313275166, 'obv': 75, 'bollinger': 0, 'momentum_quality': 98.2, 'regime_score': 50, 'rr_score': 71.9, 'base_tech': np.float64(73.3)}","{'base_tech_score': np.float64(73.3), 'insider_bonus': 0.0, 'deviation_penalty': 0.0, 'blowoff_penalty': 0.0, 'short_excessive_penalty': 25, 'weekly_penalty': 0.0, 'resistance_penalty': 0.0, 'rr_penalty': 0.0, 'cmf_confluence_val': 0.0, 'penny_penalty': 0.0, 'penny_non_acc_penalty': 0.0, 'scalping_bonus': 16.0, 'fund_penalty': -8.0, 'macd_reversal_bonus': 0.0, 'sector_rs_bonus': 0.0, 'confluence_bonus': 0.0, 'short_squeeze_bonus': 0.0, 'ai_momentum_bonus': 0.0}",N/A,,,,,3.42,1.21,1.21,True,False
APA,APA Corporation,$41.02,41.02000045776367,Energy,Oil & Gas E&P,9.01,52.0,74.7,0.00442,False,False,False,68.9,Markup,"{'trend': 65.0, 'momentum': 100, 'flow': 100, 'volatility': 33, 'structure': 80.0, 'momentum_quality': 98.2, 'insider': 50.0}",-5.0,15.873093522422204,0.12,Tactical Overweight,매수 우위 (강력 매수 - 다중지표 강세 컨플루언스 확인),True,상승,상단 돌파,혼합,14.1,10.0,상승,151147961.2711738,0.239,0.092,0.78255,0.56331,2146749952.0,"[{'text': '상승 추세', 'cls': 'positive'}, {'text': '🚨 강력한 하방 압력(공매도 급증 +15.9%)', 'cls': 'negative'}, {'text': '🔥 Accumulation Confluence (CMF+ADL)', 'cls': 'positive'}, {'text': 'Stoch 골든크로스', 'cls': 'positive'}, {'text': 'OBV 상승', 'cls': 'positive'}, {'text': '🚨 공매도 비중 주의 (12.00%)', 'cls': 'negative'}]","{'mfc': 75, 'wyckoff': 80, 'stochastic': 100, 'obv': 75, 'bollinger': 0, 'momentum_quality': 98.2, 'regime_score': 50, 'rr_score': 50.9, 'base_tech': np.float64(76.3)}","{'base_tech_score': np.float64(76.3), 'insider_bonus': 0.0, 'deviation_penalty': 0.0, 'blowoff_penalty': 0.0, 'short_excessive_penalty': 25, 'weekly_penalty': 0.0, 'resistance_penalty': 0.0, 'rr_penalty': 0.0, 'cmf_confluence_val': 0.0, 'penny_penalty': 0.0, 'penny_non_acc_penalty': 0.0, 'scalping_bonus': 10.0, 'fund_penalty': -5.0, 'macd_reversal_bonus': 0.0, 'sector_rs_bonus': 0.0, 'confluence_bonus': 0.0, 'short_squeeze_bonus': 0.0, 'ai_momentum_bonus': 0.0}",N/A,,,,,9.01,1.24,1.24,False,False
RC,Ready Capital Corporation,$1.85,1.850000023841858,Real Estate,REIT - Mortgage,8.19,46.0,65.7,0.10582,False,False,False,69.2,Markup,"{'trend': 68.0, 'momentum': 100, 'flow': 71.0, 'volatility': 33, 'structure': 80.0, 'momentum_quality': 98.2, 'insider': 50.0}",0.0,0.27728633308740674,0.1418,Tactical Overweight,매수 우위 (강력 매수 - 다중지표 강세 컨플루언스 확인),True,상승,상단 돌파,골든크로스 진행,19.4,10.0,상승,-36412334.39035354,,,0.0,3.28771,,"[{'text': '상승 추세', 'cls': 'positive'}, {'text': '⚠️ 주봉 역배열(하락추세)', 'cls': 'negative'}, {'text': 'Stoch 골든크로스', 'cls': 'positive'}, {'text': 'OBV 상승', 'cls': 'positive'}, {'text': '🔴 적자기업(PER<0)', 'cls': 'negative'}, {'text': '🚨 공매도 비중 주의 (14.18%)', 'cls': 'negative'}]","{'mfc': 66, 'wyckoff': 80, 'stochastic': 74.22652472139127, 'obv': 75, 'bollinger': 0, 'momentum_quality': 98.2, 'regime_score': 50, 'rr_score': 46.0, 'base_tech': np.float64(70.0)}","{'base_tech_score': np.float64(70.0), 'insider_bonus': 0.0, 'deviation_penalty': 0.0, 'blowoff_penalty': 0.0, 'short_excessive_penalty': 0.0, 'weekly_penalty': 10, 'resistance_penalty': 0.0, 'rr_penalty': 0.0, 'cmf_confluence_val': 0.0, 'penny_penalty': 0.0, 'penny_non_acc_penalty': 0.0, 'scalping_bonus': 10.0, 'fund_penalty': 10.0, 'macd_reversal_bonus': 0.0, 'sector_rs_bonus': 0.0, 'confluence_bonus': 0.0, 'short_squeeze_bonus': 0.0, 'ai_momentum_bonus': 0.0}",N/A,,,,,8.19,1.11,1.11,False,False
SPCX,Space Exploration Technologies ,$138.74,138.74000549316406,Industrials,Aerospace & Defense,4.23,45.5,65.7,0.18178,False,False,False,55.6,Markup,"{'trend': 50.0, 'momentum': 100, 'flow': 100, 'volatility': 3, 'structure': 80.0, 'momentum_quality': 98.2, 'insider': 50.0}",-6.0,607.114432441258,0.026700001,Tactical Overweight,매수 우위 (강력 매수 - 다중지표 강세 컨플루언스 확인),True,상승,상단,혼합,14.8,10.0,상승,243748127.39962906,,0.919,0.51875,-0.01804,,"[{'text': '상승 추세', 'cls': 'positive'}, {'text': '🚨 강력한 하방 압력(공매도 급증 +607.1%)', 'cls': 'negative'}, {'text': '🔥 Accumulation Confluence (CMF+ADL)', 'cls': 'positive'}, {'text': 'Stoch 골든크로스', 'cls': 'positive'}, {'text': 'OBV 상승', 'cls': 'positive'}, {'text': '🚀 매출 고성장', 'cls': 'positive'}]","{'mfc': 66, 'wyckoff': 80, 'stochastic': 100, 'obv': 75, 'bollinger': 0, 'momentum_quality': 98.2, 'regime_score': 50, 'rr_score': 100, 'base_tech': np.float64(73.1)}","{'base_tech_score': np.float64(73.1), 'insider_bonus': 0.0, 'deviation_penalty': 0.0, 'blowoff_penalty': 0.0, 'short_excessive_penalty': 25, 'weekly_penalty': 0.0, 'resistance_penalty': 0.0, 'rr_penalty': 0.0, 'cmf_confluence_val': 0.0, 'penny_penalty': 0.0, 'penny_non_acc_penalty': 0.0, 'scalping_bonus': 10.0, 'fund_penalty': -2.0, 'macd_reversal_bonus': 0.0, 'sector_rs_bonus': 0.0, 'confluence_bonus': 0.0, 'short_squeeze_bonus': 0.0, 'ai_momentum_bonus': 0.0}",N/A,,,,,4.23,1.36,1.36,False,False
OGI,Organigram Global Inc.,$1.05,1.0499999523162842,Healthcare,Drug Manufacturers - Specialty & Generic,6.06,37.5,71.5,0.30257,False,False,False,63.4,Markup,"{'trend': 68.0, 'momentum': 88.0, 'flow': 100, 'volatility': 33, 'structure': 80.0, 'momentum_quality': 98.2, 'insider': 50.0}",7.0,-19.4038424616067,0.0,Tactical Overweight,매수 우위 (강력 매수 - 다중지표 강세 컨플루언스 확인),True,상승,상단 돌파,골든크로스 진행,11.2,10.0,상승,-17049325.50345032,,-0.089,0.35634997,-0.16378,16106625.0,"[{'text': '상승 추세', 'cls': 'positive'}, {'text': '⚠️ 주봉 역배열(하락추세)', 'cls': 'negative'}, {'text': '⚠️ 장기 매물대(저항선) 충돌 위험', 'cls': 'negative'}, {'text': '🔥 Accumulation Confluence (CMF+ADL)', 'cls': 'positive'}, {'text': 'Stoch 골든크로스', 'cls': 'positive'}, {'text': 'OBV 상승', 'cls': 'positive'}, {'text': '⚠️ 매출 감소(-9%)', 'cls': 'negative'}, {'text': '🔥 숏커버 (-19.4%)', 'cls': 'positive'}]","{'mfc': 72, 'wyckoff': 80, 'stochastic': 51.915091737602275, 'obv': 75, 'bollinger': 0, 'momentum_quality': 98.2, 'regime_score': 50, 'rr_score': 99.3, 'base_tech': np.float64(69.4)}","{'base_tech_score': np.float64(69.4), 'insider_bonus': 0.0, 'deviation_penalty': 0.0, 'blowoff_penalty': 0.0, 'short_excessive_penalty': 0.0, 'weekly_penalty': 10, 'resistance_penalty': 15, 'rr_penalty': 0.0, 'cmf_confluence_val': 0.0, 'penny_penalty': 0.0, 'penny_non_acc_penalty': 0.0, 'scalping_bonus': 10.0, 'fund_penalty': 16.0, 'macd_reversal_bonus': 0.0, 'sector_rs_bonus': 0.0, 'confluence_bonus': 0.0, 'short_squeeze_bonus': 0.0, 'ai_momentum_bonus': 0.0}",N/A,,,,,6.06,1.44,1.44,False,False
RDNT,"RadNet, Inc.",$77.28,77.27999877929688,Healthcare,Diagnostics & Research,6.76,36.3,73.3,0.09965,False,False,False,75.4,Markup,"{'trend': 75.0, 'momentum': 93.7, 'flow': 100, 'volatility': 33, 'structure': 80.0, 'momentum_quality': 98.2, 'insider': 50.0}",-6.5,13.805937233329182,0.15100001,Tactical Overweight,매수 우위 (강력 매수 - 다중지표 강세 컨플루언스 확인),True,상승,상단 돌파,혼합,19.9,10.0,상승,-891208.4193080948,,0.221,0.17204,-0.02848,190466128.0,"[{'text': '상승 추세', 'cls': 'positive'}, {'text': '🚨 강력한 하방 압력(공매도 급증 +13.8%)', 'cls': 'negative'}, {'text': '🔥 Accumulation Confluence (CMF+ADL)', 'cls': 'positive'}, {'text': 'Stoch 골든크로스', 'cls': 'positive'}, {'text': 'OBV 상승', 'cls': 'positive'}, {'text': '🚨 공매도 비중 주의 (15.10%)', 'cls': 'negative'}]","{'mfc': 73, 'wyckoff': 80, 'stochastic': 59.69370308716659, 'obv': 75, 'bollinger': 0, 'momentum_quality': 98.2, 'regime_score': 50, 'rr_score': 67.9, 'base_tech': np.float64(70.9)}","{'base_tech_score': np.float64(70.9), 'insider_bonus': 0.0, 'deviation_penalty': 0.0, 'blowoff_penalty': 0.0, 'short_excessive_penalty': 25, 'weekly_penalty': 0.0, 'resistance_penalty': 0.0, 'rr_penalty': 0.0, 'cmf_confluence_val': 0.0, 'penny_penalty': 0.0, 'penny_non_acc_penalty': 0.0, 'scalping_bonus': 10.0, 'fund_penalty': 5.0, 'macd_reversal_bonus': 0.0, 'sector_rs_bonus': 0.0, 'confluence_bonus': 0.0, 'short_squeeze_bonus': 0.0, 'ai_momentum_bonus': 0.0}",N/A,,,,,6.76,2.06,2.06,False,False
AXGN,"AxoGen, Inc.",$48.22,48.220001220703125,Healthcare,Medical Devices,3.86,33.9,76.9,0.02164,False,False,False,69.2,Markup,"{'trend': 100, 'momentum': 93.1, 'flow': 97.0, 'volatility': 33, 'structure': 80.0, 'momentum_quality': 100, 'insider': 50.0}",-8.0,48.59088709327422,0.1173,Tactical Overweight,매수 우위 (강력 매수 - 다중지표 강세 컨플루언스 확인),True,상승,상단 돌파,골든크로스 진행,15.0,16.0,상승,7545001.89171584,,0.231,0.74556,-0.03092,18232750.0,"[{'text': '상승 추세', 'cls': 'positive'}, {'text': '🚨 강력한 하방 압력(공매도 급증 +48.6%)', 'cls': 'negative'}, {'text': '🔥 Accumulation Confluence (CMF+ADL)', 'cls': 'positive'}, {'text': 'Stoch 골든크로스', 'cls': 'positive'}, {'text': 'OBV 상승', 'cls': 'positive'}, {'text': '🚨 공매도 비중 주의 (11.73%)', 'cls': 'negative'}]","{'mfc': 77, 'wyckoff': 80, 'stochastic': 58.94958022676427, 'obv': 75, 'bollinger': 0, 'momentum_quality': 100, 'regime_score': 50, 'rr_score': 37.1, 'base_tech': np.float64(72.4)}","{'base_tech_score': np.float64(72.4), 'insider_bonus': 0.0, 'deviation_penalty': 0.0, 'blowoff_penalty': 0.0, 'short_excessive_penalty': 25, 'weekly_penalty': 0.0, 'resistance_penalty': 0.0, 'rr_penalty': 8, 'cmf_confluence_val': 0.0, 'penny_penalty': 0.0, 'penny_non_acc_penalty': 0.0, 'scalping_bonus': 16.0, 'fund_penalty': 5.0, 'macd_reversal_bonus': 0.0, 'sector_rs_bonus': 0.0, 'confluence_bonus': 0.0, 'short_squeeze_bonus': 0.0, 'ai_momentum_bonus': 0.0}",N/A,,,,,3.86,0.8,0.8,True,False
ABEV,Ambev S.A.,$2.94,2.940000057220459,Consumer Defensive,Beverages - Brewers,-2.0,31.1,36.5,0.0,False,False,False,34.3,Markdown,"{'trend': 35.0, 'momentum': 32.5, 'flow': 3.0, 'volatility': 88, 'structure': 15.0, 'momentum_quality': 8.5, 'insider': 45.0}",4.0,-9.180588041399574,0.0,Avoid / Sell-off,매도 우위 (전면 회피 - 다중지표 약세 컨플루언스 확인),False,하락,하단 이탈,혼합,-4.0,5.0,하락,-630082626.5624459,0.246,0.003,0.51903,0.23743,19859091456.0,"[{'text': '하락 추세', 'cls': 'negative'}, {'text': 'Squeeze 대기', 'cls': 'neutral'}]","{'mfc': 36, 'wyckoff': 10, 'stochastic': 27.77780426872468, 'obv': 25, 'bollinger': 100, 'momentum_quality': 8.5, 'regime_score': 50, 'rr_score': 100, 'base_tech': np.float64(30.2)}","{'base_tech_score': np.float64(30.2), 'insider_bonus': 0.0, 'deviation_penalty': 0.0, 'blowoff_penalty': 0.0, 'short_excessive_penalty': 0.0, 'weekly_penalty': 0.0, 'resistance_penalty': 0.0, 'rr_penalty': 0.0, 'cmf_confluence_val': -6, 'penny_penalty': 0.0, 'penny_non_acc_penalty': 0.0, 'scalping_bonus': 5.0, 'fund_penalty': -5.0, 'macd_reversal_bonus': 0.0, 'sector_rs_bonus': 0.0, 'confluence_bonus': 0.0, 'short_squeeze_bonus': 0.0, 'ai_momentum_bonus': 0.0}",N/A,,,,,-2.0,1.33,1.33,False,False
LUNG,Pulmonx Corporation,$2.28,2.2799999713897705,Healthcare,Medical Devices,11.76,30.0,71.9,0.048049998,False,False,False,75.7,Markup,"{'trend': 100, 'momentum': 78.4, 'flow': 100, 'volatility': 3, 'structure': 80.0, 'momentum_quality': 100, 'insider': 50.0}",8.0,-53.33582209891296,0.0297,Tactical Overweight,매수 우위 (강력 매수 - 다중지표 강세 컨플루언스 확인),True,상승,상단,정배열,44.8,10.0,상승,-2315224.1918881605,,-0.046,0.77056,-0.398,-11744750.0,"[{'text': '상승 추세', 'cls': 'positive'}, {'text': '⚠️ 이격도 과다', 'cls': 'negative'}, {'text': '🔥 Accumulation Confluence (CMF+ADL)', 'cls': 'positive'}, {'text': 'Stoch 골든크로스', 'cls': 'positive'}, {'text': 'OBV 상승', 'cls': 'positive'}, {'text': '🔴 영업손실(-40%)', 'cls': 'negative'}, {'text': '🔴 적자기업(PER<0)', 'cls': 'negative'}, {'text': '🔥 숏커버 (-53.3%)', 'cls': 'positive'}]","{'mfc': 72, 'wyckoff': 80, 'stochastic': 53.33110847781736, 'obv': 75, 'bollinger': 0, 'momentum_quality': 100, 'regime_score': 50, 'rr_score': 57.7, 'base_tech': np.float64(70.0)}","{'base_tech_score': np.float64(70.0), 'insider_bonus': 0.0, 'deviation_penalty': 20, 'blowoff_penalty': 0.0, 'short_excessive_penalty': 0.0, 'weekly_penalty': 0.0, 'resistance_penalty': 0.0, 'rr_penalty': 0.0, 'cmf_confluence_val': 0.0, 'penny_penalty': 0.0, 'penny_non_acc_penalty': 0.0, 'scalping_bonus': 10.0, 'fund_penalty': 30.0, 'macd_reversal_bonus': 0.0, 'sector_rs_bonus': 0.0, 'confluence_bonus': 0.0, 'short_squeeze_bonus': 0.0, 'ai_momentum_bonus': 0.0}",N/A,,,,,11.76,2.49,2.49,False,False
SAIL,"SailPoint, Inc.",$19.41,19.40999984741211,Technology,Software - Infrastructure,4.02,28.0,75.4,0.0191,False,False,False,75.4,Markup,"{'trend': 100, 'momentum': 85.3, 'flow': 98.0, 'volatility': 13, 'structure': 80.0, 'momentum_quality': 100, 'insider': 50.0}",-8.0,29.93830885771795,0.2758,Tactical Overweight,매수 우위 (강력 매수 - 다중지표 강세 컨플루언스 확인),True,상승,상단 돌파,정배열,19.8,10.0,상승,-6004416.469091196,,0.216,0.66350996,-0.28495002,322153376.0,"[{'text': '상승 추세', 'cls': 'positive'}, {'text': '🚨 강력한 하방 압력(공매도 급증 +29.9%)', 'cls': 'negative'}, {'text': '🔥 Accumulation Confluence (CMF+ADL)', 'cls': 'positive'}, {'text': 'Stoch 골든크로스', 'cls': 'positive'}, {'text': 'OBV 상승', 'cls': 'positive'}, {'text': '🔴 영업손실(-28%)', 'cls': 'negative'}, {'text': '🚨 공매도 비중 주의 (27.58%)', 'cls': 'negative'}]","{'mfc': 75, 'wyckoff': 80, 'stochastic': 53.666799455088636, 'obv': 75, 'bollinger': 0, 'momentum_quality': 100, 'regime_score': 50, 'rr_score': 75.9, 'base_tech': np.float64(71.2)}","{'base_tech_score': np.float64(71.2), 'insider_bonus': 0.0, 'deviation_penalty': 0.0, 'blowoff_penalty': 0.0, 'short_excessive_penalty': 25, 'weekly_penalty': 0.0, 'resistance_penalty': 0.0, 'rr_penalty': 0.0, 'cmf_confluence_val': 0.0, 'penny_penalty': 0.0, 'penny_non_acc_penalty': 0.0, 'scalping_bonus': 10.0, 'fund_penalty': 12.0, 'macd_reversal_bonus': 0.0, 'sector_rs_bonus': 0.0, 'confluence_bonus': 0.0, 'short_squeeze_bonus': 0.0, 'ai_momentum_bonus': 0.0}",N/A,,,,,4.02,0.83,0.83,False,False
NE,Noble Corporation plc A,$43.55,43.54999923706055,Energy,Oil & Gas Drilling,6.82,25.6,54.1,0.20722,False,False,False,57.3,Accumulation,"{'trend': 8.0, 'momentum': 84.4, 'flow': 83.0, 'volatility': 53, 'structure': 65.0, 'momentum_quality': 68.9, 'insider': 50.0}",-8.0,38.74515569933853,0.1193,Aggressive Buy,매수 우위 (분할 매수 - 바닥 확인 후 모멘텀 턴어라운드),True,상승,상단,역배열,4.9,10.0,상승,15752375.530859329,,-0.163,0.35416,0.10707,252878256.0,"[{'text': '매집 구간', 'cls': 'positive'}, {'text': '🚨 강력한 하방 압력(공매도 급증 +38.7%)', 'cls': 'negative'}, {'text': '⚠️ 주봉 역배열(하락추세)', 'cls': 'negative'}, {'text': '🔄 MACD 반전', 'cls': 'positive'}, {'text': '🎯 시그널 컨플루언스 (3)', 'cls': 'positive'}, {'text': 'Stoch 골든크로스', 'cls': 'positive'}, {'text': 'OBV 상승', 'cls': 'positive'}, {'text': '⚠️ 매출 감소(-16%)', 'cls': 'negative'}, {'text': '🚨 공매도 비중 주의 (11.93%)', 'cls': 'negative'}]","{'mfc': 54, 'wyckoff': 100, 'stochastic': 89.43353058399127, 'obv': 75, 'bollinger': 0, 'momentum_quality': 68.9, 'regime_score': 50, 'rr_score': 100, 'base_tech': np.float64(67.0)}","{'base_tech_score': np.float64(67.0), 'insider_bonus': 0.0, 'deviation_penalty': 0.0, 'blowoff_penalty': 0.0, 'short_excessive_penalty': 25, 'weekly_penalty': 10, 'resistance_penalty': 0.0, 'rr_penalty': 0.0, 'cmf_confluence_val': 0.0, 'penny_penalty': 0.0, 'penny_non_acc_penalty': 0.0, 'scalping_bonus': 10.0, 'fund_penalty': 8.0, 'macd_reversal_bonus': 5.0, 'sector_rs_bonus': 0.0, 'confluence_bonus': 8.0, 'short_squeeze_bonus': 0.0, 'ai_momentum_bonus': 0.0}",N/A,,,,,6.82,0.78,0.78,False,False
BKV,BKV Corporation,$25.66,25.65999984741211,Energy,Oil & Gas E&P,4.91,16.1,53.0,0.66204,False,False,False,54.3,Accumulation,"{'trend': 5, 'momentum': 79.2, 'flow': 77.0, 'volatility': 53, 'structure': 65.0, 'momentum_quality': 41.0, 'insider': 50.0}",-8.0,32.499585073977464,0.1489,Tactical Hold,"중립 대기 (방향성 탐색 중, 뚜렷한 주도력 부재)",True,상승,상단,역배열,3.1,10.0,상승,1657460.9180080087,-0.297,0.188,0.5404,0.39456,-697882496.0,"[{'text': '매집 구간', 'cls': 'positive'}, {'text': '🚨 강력한 하방 압력(공매도 급증 +32.5%)', 'cls': 'negative'}, {'text': '⚠️ 주봉 역배열(하락추세)', 'cls': 'negative'}, {'text': '🔄 MACD 반전', 'cls': 'positive'}, {'text': '🎯 시그널 컨플루언스 (3)', 'cls': 'positive'}, {'text': 'Stoch 골든크로스', 'cls': 'positive'}, {'text': 'OBV 상승', 'cls': 'positive'}, {'text': '⚠️ EPS 감소(-30%)', 'cls': 'negative'}, {'text': '🚨 공매도 비중 주의 (14.89%)', 'cls': 'negative'}]","{'mfc': 53, 'wyckoff': 100, 'stochastic': 90.60511158675871, 'obv': 75, 'bollinger': 0, 'momentum_quality': 41.0, 'regime_score': 50, 'rr_score': 100, 'base_tech': np.float64(62.6)}","{'base_tech_score': np.float64(62.6), 'insider_bonus': 0.0, 'deviation_penalty': 0.0, 'blowoff_penalty': 0.0, 'short_excessive_penalty': 25, 'weekly_penalty': 10, 'resistance_penalty': 0.0, 'rr_penalty': 0.0, 'cmf_confluence_val': 0.0, 'penny_penalty': 0.0, 'penny_non_acc_penalty': 0.0, 'scalping_bonus': 10.0, 'fund_penalty': 14.0, 'macd_reversal_bonus': 5.0, 'sector_rs_bonus': 0.0, 'confluence_bonus': 8.0, 'short_squeeze_bonus': 0.0, 'ai_momentum_bonus': 0.0}",N/A,,,,,4.91,0.78,0.78,False,False
LGO,Largo Inc.,$0.79,0.7900000214576721,Basic Materials,Other Industrial Metals & Mining,12.86,14.6,77.3,0.00421,False,False,False,64.3,Markup,"{'trend': 89.0, 'momentum': 99.5, 'flow': 99.0, 'volatility': 23, 'structure': 80.0, 'momentum_quality': 100, 'insider': 50.0}",7.0,-10.850235072510282,0.0,Tactical Overweight,매수 우위 (강력 매수 - 다중지표 강세 컨플루언스 확인),False,상승,상단 돌파,골든크로스 진행,23.1,10.0,상승,-36650679.098275445,,-0.025,-0.23108,-0.19205,-50241000.0,"[{'text': '상승 추세', 'cls': 'positive'}, {'text': '🚨 상단 클라이맥스', 'cls': 'negative'}, {'text': '⚠️ 주봉 역배열(하락추세)', 'cls': 'negative'}, {'text': 'OBV 상승', 'cls': 'positive'}, {'text': '🔥 숏커버 (-10.9%)', 'cls': 'positive'}]","{'mfc': 77, 'wyckoff': 80, 'stochastic': 48.842585406461225, 'obv': 75, 'bollinger': 0, 'momentum_quality': 100, 'regime_score': 50, 'rr_score': 100, 'base_tech': np.float64(71.3)}","{'base_tech_score': np.float64(71.3), 'insider_bonus': 0.0, 'deviation_penalty': 0.0, 'blowoff_penalty': 30, 'short_excessive_penalty': 0.0, 'weekly_penalty': 10, 'resistance_penalty': 0.0, 'rr_penalty': 0.0, 'cmf_confluence_val': 0.0, 'penny_penalty': 0.0, 'penny_non_acc_penalty': 0.0, 'scalping_bonus': 10.0, 'fund_penalty': 19.5, 'macd_reversal_bonus': 0.0, 'sector_rs_bonus': 0.0, 'confluence_bonus': 0.0, 'short_squeeze_bonus': 0.0, 'ai_momentum_bonus': 0.0}",N/A,,,,,12.4,1.03,1.03,False,False
IFRX,InflaRx N.V.,$1.96,1.9600000381469727,Healthcare,Biotechnology,6.52,-2.4,59.9,0.0295,False,False,False,57.7,Markup,"{'trend': 60.0, 'momentum': 99.2, 'flow': 43.0, 'volatility': 23, 'structure': 80.0, 'momentum_quality': 98.2, 'insider': 50.0}",-8.0,27.721098662998894,0.0657,Tactical Overweight,매수 우위 (강력 매수 - 다중지표 강세 컨플루언스 확인),True,상승,상단,골든크로스 진행,9.0,10.0,하락,-14784294.353999084,,,0.0,-1447.6981,-15887300.0,"[{'text': '상승 추세', 'cls': 'positive'}, {'text': '🚨 강력한 하방 압력(공매도 급증 +27.7%)', 'cls': 'negative'}, {'text': 'Stoch 골든크로스', 'cls': 'positive'}, {'text': 'OBV 상승', 'cls': 'positive'}, {'text': '🔴 영업손실(-144770%)', 'cls': 'negative'}, {'text': '🔴 적자기업(PER<0)', 'cls': 'negative'}]","{'mfc': 60, 'wyckoff': 80, 'stochastic': 97.49684405904917, 'obv': 75, 'bollinger': 0, 'momentum_quality': 98.2, 'regime_score': 50, 'rr_score': 100, 'base_tech': np.float64(70.8)}","{'base_tech_score': np.float64(70.8), 'insider_bonus': 0.0, 'deviation_penalty': 0.0, 'blowoff_penalty': 0.0, 'short_excessive_penalty': 25, 'weekly_penalty': 0.0, 'resistance_penalty': 0.0, 'rr_penalty': 0.0, 'cmf_confluence_val': -6, 'penny_penalty': 0.0, 'penny_non_acc_penalty': 0.0, 'scalping_bonus': 10.0, 'fund_penalty': 30.0, 'macd_reversal_bonus': 0.0, 'sector_rs_bonus': 0.0, 'confluence_bonus': 0.0, 'short_squeeze_bonus': 0.0, 'ai_momentum_bonus': 0.0}",N/A,,,,,6.52,0.73,0.73,False,False
ATHM,Autohome Inc.,$23.49,23.489999771118164,Communication Services,Internet Content & Information,3.39,-3.2,73.7,0.00204,False,False,False,72.4,Markup,"{'trend': 100, 'momentum': 59.0, 'flow': 97.0, 'volatility': 33, 'structure': 80.0, 'momentum_quality': 100, 'insider': 50.0}",-8.0,32.54476604830101,0.0507,Tactical Overweight,매수 우위 (강력 매수 - 다중지표 강세 컨플루언스 확인),True,상승,상단,정배열,5.9,10.0,상승,-6814391.330230857,-0.87,-0.279,0.72583,-0.03282,,"[{'text': '상승 추세', 'cls': 'positive'}, {'text': '🚨 강력한 하방 압력(공매도 급증 +32.5%)', 'cls': 'negative'}, {'text': '📊 VWAP 상회 주의', 'cls': 'neutral'}, {'text': '🔥 Accumulation Confluence (CMF+ADL)', 'cls': 'positive'}, {'text': 'Stoch 골든크로스', 'cls': 'positive'}, {'text': 'OBV 상승', 'cls': 'positive'}, {'text': '🚨 EPS 급락(-87%)', 'cls': 'negative'}, {'text': '🚨 매출 강하락(-28%)', 'cls': 'negative'}]","{'mfc': 74, 'wyckoff': 80, 'stochastic': 56.23594306444666, 'obv': 75, 'bollinger': 0, 'momentum_quality': 100, 'regime_score': 50, 'rr_score': 78.1, 'base_tech': np.float64(70.9)}","{'base_tech_score': np.float64(70.9), 'insider_bonus': 0.0, 'deviation_penalty': 0.0, 'blowoff_penalty': 0.0, 'short_excessive_penalty': 25, 'weekly_penalty': 0.0, 'resistance_penalty': 0.0, 'rr_penalty': 0.0, 'cmf_confluence_val': 0.0, 'penny_penalty': 0.0, 'penny_non_acc_penalty': 0.0, 'scalping_bonus': 10.0, 'fund_penalty': 43.0, 'macd_reversal_bonus': 0.0, 'sector_rs_bonus': 0.0, 'confluence_bonus': 0.0, 'short_squeeze_bonus': 0.0, 'ai_momentum_bonus': 0.0}",N/A,,,,,3.39,0.68,0.68,False,False
UWMC,UWM Holdings Corporation,$1.41,1.409999966621399,Financial Services,Mortgage Finance,10.16,-44.3,32.5,0.13297,False,True,False,33.7,Markdown,"{'trend': 5, 'momentum': 28.6, 'flow': 57.0, 'volatility': 23, 'structure': 30.0, 'momentum_quality': 0, 'insider': 50.0}",-8.0,33.58271050065472,0.2212,Avoid / Sell-off,매도 우위 (전면 회피 - 다중지표 약세 컨플루언스 확인),False,하락,하단,역배열,-22.3,10.0,상승,-374553377.97347164,,-0.706,1.0,-1.11037,-207533632.0,"[{'text': '하락 추세', 'cls': 'negative'}, {'text': '🚨 강력한 하방 압력(공매도 급증 +33.6%)', 'cls': 'negative'}, {'text': '⚠️ 주봉 역배열(하락추세)', 'cls': 'negative'}, {'text': '📊 VWAP 하회 매수↗', 'cls': 'positive'}, {'text': '🚀 숏스퀴즈 가능성', 'cls': 'positive'}, {'text': 'RSI 상승 다이버전스', 'cls': 'positive'}, {'text': '🚨 매출 강하락(-71%)', 'cls': 'negative'}, {'text': '🔴 영업손실(-111%)', 'cls': 'negative'}, {'text': '🚨 공매도 비중 주의 (22.12%)', 'cls': 'negative'}]","{'mfc': 32, 'wyckoff': 10, 'stochastic': 45.405974638460194, 'obv': 25, 'bollinger': 100, 'momentum_quality': 0, 'regime_score': 50, 'rr_score': 100, 'base_tech': np.float64(29.6)}","{'base_tech_score': np.float64(29.6), 'insider_bonus': 0.0, 'deviation_penalty': 0.0, 'blowoff_penalty': 0.0, 'short_excessive_penalty': 25, 'weekly_penalty': 10, 'resistance_penalty': 0.0, 'rr_penalty': 0.0, 'cmf_confluence_val': 0.0, 'penny_penalty': 0.0, 'penny_non_acc_penalty': 0.0, 'scalping_bonus': 10.0, 'fund_penalty': 50, 'macd_reversal_bonus': 0.0, 'sector_rs_bonus': 0.0, 'confluence_bonus': 0.0, 'short_squeeze_bonus': 15.0, 'ai_momentum_bonus': 0.0}",N/A,,,,,10.16,1.63,1.63,False,False
ICP-USD,Internet Computer USD,$2.36,2.360300064086914,,,8.89,74.2,75.5,0.0,False,False,False,66.4,Markup,"{'trend': 76.0, 'momentum': 100, 'flow': 99.0, 'volatility': 53, 'structure': 80.0, 'momentum_quality': 98.2, 'insider': 45.0}",2.0,,0.0,Tactical Overweight,매수 우위 (강력 매수 - 다중지표 강세 컨플루언스 확인),True,상승,상단 돌파,골든크로스 진행,10.9,10.0,상승,-927800004.9384667,,,,,,"[{'text': '상승 추세', 'cls': 'positive'}, {'text': '⚠️ 주봉 역배열(하락추세)', 'cls': 'negative'}, {'text': '⚠️ 장기 매물대(저항선) 충돌 위험', 'cls': 'negative'}, {'text': 'Stoch 골든크로스', 'cls': 'positive'}, {'text': 'OBV 상승', 'cls': 'positive'}, {'text': '거래량 폭발', 'cls': 'neutral'}, {'text': '📉 AI 예상: +0.0%', 'cls': 'negative'}]","{'mfc': 76, 'wyckoff': 80, 'stochastic': 81.30505752883252, 'obv': 75, 'bollinger': 0, 'momentum_quality': 98.2, 'regime_score': 50, 'rr_score': 97.4, 'base_tech': 74.3}","{'base_tech_score': 74.3, 'insider_bonus': 0.0, 'deviation_penalty': 0.0, 'blowoff_penalty': 0.0, 'short_excessive_penalty': 0.0, 'weekly_penalty': 10, 'resistance_penalty': 15, 'rr_penalty': 0.0, 'cmf_confluence_val': 0.0, 'penny_penalty': 0.0, 'penny_non_acc_penalty': 0.0, 'scalping_bonus': 10.0, 'fund_penalty': 0.0, 'macd_reversal_bonus': 0.0, 'sector_rs_bonus': 0.0, 'confluence_bonus': 0.0, 'short_squeeze_bonus': 0.0, 'ai_momentum_bonus': 0.0}",+0.00%,74.2,BUY,+0.00%,0.5,3.36,1.36,1.36,False,False
DOS-USD,DOS Network USD,$0.00,0.0010093564633280039,,,0.04,71.1,62.0,0.0,False,False,False,99.6,Distribution,"{'trend': 100, 'momentum': 50.8, 'flow': 66.0, 'volatility': 68, 'structure': 30.0, 'momentum_quality': 56.1, 'insider': 45.0}",2.0,,0.0,Underweight,"매도 우위 (현금화 - 극단적 과열, 차익실현 필수)",True,상승,상단 돌파,정배열,0.0,14.0,하락,0.0,,,,,,"[{'text': '분산 경고', 'cls': 'negative'}, {'text': '🚨 상단 클라이맥스', 'cls': 'negative'}, {'text': '🎯 시그널 컨플루언스 (3)', 'cls': 'positive'}, {'text': 'Stoch 골든크로스', 'cls': 'positive'}, {'text': 'OBV 상승', 'cls': 'positive'}, {'text': 'Squeeze 대기', 'cls': 'neutral'}, {'text': '📉 AI 예상: +0.0%', 'cls': 'negative'}]","{'mfc': 62, 'wyckoff': 30, 'stochastic': 100, 'obv': 75, 'bollinger': 0, 'momentum_quality': 56.1, 'regime_score': 40, 'rr_score': 91.3, 'base_tech': 56.5}","{'base_tech_score': 56.5, 'insider_bonus': 0.0, 'deviation_penalty': 0.0, 'blowoff_penalty': 30, 'short_excessive_penalty': 0.0, 'weekly_penalty': 0.0, 'resistance_penalty': 0.0, 'rr_penalty': 0.0, 'cmf_confluence_val': 0.0, 'penny_penalty': 0.0, 'penny_non_acc_penalty': 0.0, 'scalping_bonus': 14.0, 'fund_penalty': 0.0, 'macd_reversal_bonus': 0.0, 'sector_rs_bonus': 0.0, 'confluence_bonus': 8.0, 'short_squeeze_bonus': 0.0, 'ai_momentum_bonus': 0.0}",+0.00%,71.1,BUY,+0.00%,0.5,0.0,86.0,86.0,True,False
CASHCAT-USD,Cash Cat USD,$0.15,0.14911717176437378,,,11.21,64.5,55.3,0.0,False,False,False,68.7,Markup,"{'trend': 58.0, 'momentum': 100, 'flow': 15.0, 'volatility': 3, 'structure': 80.0, 'momentum_quality': 100, 'insider': 45.0}",2.0,,0.0,Core Holding,매수 우위 (안정적 상승 추세 안착),True,하락,상단 돌파,혼합,111.1,5.0,하락,-197092298.15995058,,,,,,"[{'text': '상승 추세', 'cls': 'positive'}, {'text': '⚠️ 이격도 과다', 'cls': 'negative'}, {'text': 'Stoch 골든크로스', 'cls': 'positive'}, {'text': '📉 AI 예상: +0.0%', 'cls': 'negative'}]","{'mfc': 55, 'wyckoff': 80, 'stochastic': 77.72507667007454, 'obv': 25, 'bollinger': 0, 'momentum_quality': 100, 'regime_score': 50, 'rr_score': 97.0, 'base_tech': 61.1}","{'base_tech_score': 61.1, 'insider_bonus': 0.0, 'deviation_penalty': 20, 'blowoff_penalty': 0.0, 'short_excessive_penalty': 0.0, 'weekly_penalty': 0.0, 'resistance_penalty': 0.0, 'rr_penalty': 0.0, 'cmf_confluence_val': 0.0, 'penny_penalty': 0.0, 'penny_non_acc_penalty': 0.0, 'scalping_bonus': 5.0, 'fund_penalty': 0.0, 'macd_reversal_bonus': 0.0, 'sector_rs_bonus': 0.0, 'confluence_bonus': 0.0, 'short_squeeze_bonus': 0.0, 'ai_momentum_bonus': 0.0}",+0.00%,64.5,BUY,+0.00%,0.5,-2.56,1.01,1.01,False,False
SOL-USD,Solana USD,$75.86,75.86000061035156,,,-0.46,62.5,65.8,0.0,False,False,False,53.8,Accumulation,"{'trend': 76.0, 'momentum': 82.6, 'flow': 45.0, 'volatility': 93, 'structure': 75.0, 'momentum_quality': 65.8, 'insider': 45.0}",2.0,,0.0,Aggressive Buy,매수 우위 (분할 매수 - 바닥 확인 후 모멘텀 턴어라운드),True,상승,상단,골든크로스 진행,2.0,0.0,하락,-12524223093.164991,,,,,,"[{'text': '매집 구간', 'cls': 'positive'}, {'text': '⚠️ 주봉 역배열(하락추세)', 'cls': 'negative'}, {'text': '⚠️ 장기 매물대(저항선) 충돌 위험', 'cls': 'negative'}, {'text': '📊 VWAP 상회 주의', 'cls': 'neutral'}, {'text': '🎯 시그널 컨플루언스 (3)', 'cls': 'positive'}, {'text': 'Stoch 골든크로스', 'cls': 'positive'}, {'text': 'OBV 상승', 'cls': 'positive'}, {'text': 'Squeeze 대기', 'cls': 'neutral'}, {'text': '📉 AI 예상: +0.0%', 'cls': 'negative'}]","{'mfc': 66, 'wyckoff': 100, 'stochastic': 81.23175322839944, 'obv': 75, 'bollinger': 0, 'momentum_quality': 65.8, 'regime_score': 50, 'rr_score': 100, 'base_tech': 69.6}","{'base_tech_score': 69.6, 'insider_bonus': 0.0, 'deviation_penalty': 0.0, 'blowoff_penalty': 0.0, 'short_excessive_penalty': 0.0, 'weekly_penalty': 10, 'resistance_penalty': 15, 'rr_penalty': 0.0, 'cmf_confluence_val': 0.0, 'penny_penalty': 0.0, 'penny_non_acc_penalty': 0.0, 'scalping_bonus': 0.0, 'fund_penalty': 0.0, 'macd_reversal_bonus': 0.0, 'sector_rs_bonus': 0.0, 'confluence_bonus': 8.0, 'short_squeeze_bonus': 0.0, 'ai_momentum_bonus': 0.0}",+0.00%,62.5,BUY,+0.00%,0.5,-0.09,0.54,0.54,False,False
XMR-USD,Monero USD,$395.56,395.5644836425781,,,0.22,62.4,70.3,0.0,False,False,False,70.9,Markup,"{'trend': 73.0, 'momentum': 73.1, 'flow': 95.0, 'volatility': 53, 'structure': 80.0, 'momentum_quality': 100, 'insider': 45.0}",2.0,,0.0,Core Holding,매수 우위 (안정적 상승 추세 안착),False,상승,상단 돌파,혼합,8.8,0.0,상승,-465358468.6792406,,,,,,"[{'text': '상승 추세', 'cls': 'positive'}, {'text': '⚠️ 장기 매물대(저항선) 충돌 위험', 'cls': 'negative'}, {'text': 'OBV 상승', 'cls': 'positive'}, {'text': '📉 AI 예상: +0.0%', 'cls': 'negative'}]","{'mfc': 70, 'wyckoff': 80, 'stochastic': 33.02524175395117, 'obv': 75, 'bollinger': 0, 'momentum_quality': 100, 'regime_score': 50, 'rr_score': 100, 'base_tech': 67.0}","{'base_tech_score': 67.0, 'insider_bonus': 0.0, 'deviation_penalty': 0.0, 'blowoff_penalty': 0.0, 'short_excessive_penalty': 0.0, 'weekly_penalty': 0.0, 'resistance_penalty': 15, 'rr_penalty': 0.0, 'cmf_confluence_val': 0.0, 'penny_penalty': 0.0, 'penny_non_acc_penalty': 0.0, 'scalping_bonus': 0.0, 'fund_penalty': 0.0, 'macd_reversal_bonus': 0.0, 'sector_rs_bonus': 0.0, 'confluence_bonus': 0.0, 'short_squeeze_bonus': 0.0, 'ai_momentum_bonus': 0.0}",+0.00%,62.4,BUY,+0.00%,0.5,-0.35,0.78,0.78,False,False
BNB-USD,BNB USD,$599.84,599.8400268554688,,,-0.32,61.6,67.5,0.0,False,False,False,61.7,Markup,"{'trend': 48.0, 'momentum': 83.1, 'flow': 89.0, 'volatility': 83, 'structure': 80.0, 'momentum_quality': 83.9, 'insider': 45.0}",2.0,,0.0,Core Holding,매수 우위 (안정적 상승 추세 안착),True,상승,상단,혼합,2.9,0.0,상승,-4465510103.401766,,,,,,"[{'text': '상승 추세', 'cls': 'positive'}, {'text': '⚠️ 주봉 역배열(하락추세)', 'cls': 'negative'}, {'text': '⚠️ 장기 매물대(저항선) 충돌 위험', 'cls': 'negative'}, {'text': 'Stoch 골든크로스', 'cls': 'positive'}, {'text': 'OBV 상승', 'cls': 'positive'}, {'text': '📉 AI 예상: +0.0%', 'cls': 'negative'}]","{'mfc': 68, 'wyckoff': 80, 'stochastic': 56.1570294159165, 'obv': 75, 'bollinger': 0, 'momentum_quality': 83.9, 'regime_score': 50, 'rr_score': 96.1, 'base_tech': 66.3}","{'base_tech_score': 66.3, 'insider_bonus': 0.0, 'deviation_penalty': 0.0, 'blowoff_penalty': 0.0, 'short_excessive_penalty': 0.0, 'weekly_penalty': 10, 'resistance_penalty': 15, 'rr_penalty': 0.0, 'cmf_confluence_val': 0.0, 'penny_penalty': 0.0, 'penny_non_acc_penalty': 0.0, 'scalping_bonus': 0.0, 'fund_penalty': 0.0, 'macd_reversal_bonus': 0.0, 'sector_rs_bonus': 0.0, 'confluence_bonus': 0.0, 'short_squeeze_bonus': 0.0, 'ai_momentum_bonus': 0.0}",+0.00%,61.6,BUY,+0.00%,0.5,0.18,0.78,0.78,False,False
ADA-USD,Cardano USD,$0.19,0.18756000697612762,,,-3.64,60.2,56.9,0.0,False,False,False,56.1,Accumulation,"{'trend': 48.0, 'momentum': 78.6, 'flow': 57.0, 'volatility': 33, 'structure': 65.0, 'momentum_quality': 92.2, 'insider': 45.0}",2.0,,0.0,Tactical Hold,"중립 대기 (방향성 탐색 중, 뚜렷한 주도력 부재)",False,상승,상단,혼합,4.8,0.0,하락,-8419254686.000406,,,,,,"[{'text': '매집 구간', 'cls': 'positive'}, {'text': '⚠️ 주봉 역배열(하락추세)', 'cls': 'negative'}, {'text': '📊 VWAP 상회 주의', 'cls': 'neutral'}, {'text': 'OBV 상승', 'cls': 'positive'}, {'text': '📉 AI 예상: +0.0%', 'cls': 'negative'}]","{'mfc': 57, 'wyckoff': 100, 'stochastic': 33.709233177415285, 'obv': 75, 'bollinger': 0, 'momentum_quality': 92.2, 'regime_score': 50, 'rr_score': 95.1, 'base_tech': 64.8}","{'base_tech_score': 64.8, 'insider_bonus': 0.0, 'deviation_penalty': 0.0, 'blowoff_penalty': 0.0, 'short_excessive_penalty': 0.0, 'weekly_penalty': 10, 'resistance_penalty': 0.0, 'rr_penalty': 0.0, 'cmf_confluence_val': 0.0, 'penny_penalty': 0.0, 'penny_non_acc_penalty': 0.0, 'scalping_bonus': 0.0, 'fund_penalty': 0.0, 'macd_reversal_bonus': 0.0, 'sector_rs_bonus': 0.0, 'confluence_bonus': 0.0, 'short_squeeze_bonus': 0.0, 'ai_momentum_bonus': 0.0}",+0.00%,60.2,BUY,+0.00%,0.5,-1.72,0.59,0.59,False,False
ZEC-USD,Zcash USD,$492.10,492.1000061035156,,,-3.52,59.7,62.6,0.0,False,False,False,49.1,Accumulation,"{'trend': 100, 'momentum': 70.1, 'flow': 25.0, 'volatility': 53, 'structure': 75.0, 'momentum_quality': 66.9, 'insider': 45.0}",2.0,,0.0,Tactical Hold,매도 우위 (하방 경계 - 바닥 탐색 진행 중),False,하락,상단,정배열,0.3,0.0,상승,2819656711.3858805,,,,,,"[{'text': '매집 구간', 'cls': 'positive'}, {'text': '📊 VWAP 상회 주의', 'cls': 'neutral'}, {'text': '📉 AI 예상: +0.0%', 'cls': 'negative'}]","{'mfc': 63, 'wyckoff': 100, 'stochastic': 36.28017030666985, 'obv': 25, 'bollinger': 0, 'momentum_quality': 66.9, 'regime_score': 50, 'rr_score': 100, 'base_tech': 57.3}","{'base_tech_score': 57.3, 'insider_bonus': 0.0, 'deviation_penalty': 0.0, 'blowoff_penalty': 0.0, 'short_excessive_penalty': 0.0, 'weekly_penalty': 0.0, 'resistance_penalty': 0.0, 'rr_penalty': 0.0, 'cmf_confluence_val': 0.0, 'penny_penalty': 0.0, 'penny_non_acc_penalty': 0.0, 'scalping_bonus': 0.0, 'fund_penalty': 0.0, 'macd_reversal_bonus': 0.0, 'sector_rs_bonus': 0.0, 'confluence_bonus': 0.0, 'short_squeeze_bonus': 0.0, 'ai_momentum_bonus': 0.0}",+0.00%,59.7,HOLD,+0.00%,0.5,-0.69,0.46,0.46,False,False
TRX-USD,TRON USD,$0.33,0.33136701583862305,,,0.54,59.0,67.8,0.0,False,False,False,58.8,Markup,"{'trend': 53.0, 'momentum': 85.9, 'flow': 94.0, 'volatility': 73, 'structure': 80.0, 'momentum_quality': 61.9, 'insider': 45.0}",2.0,,0.0,Core Holding,매수 우위 (안정적 상승 추세 안착),True,상승,상단,혼합,1.0,0.0,상승,13575867445.19329,,,,,,"[{'text': '상승 추세', 'cls': 'positive'}, {'text': '⚠️ 장기 매물대(저항선) 충돌 위험', 'cls': 'negative'}, {'text': '🎯 시그널 컨플루언스 (3)', 'cls': 'positive'}, {'text': 'Stoch 골든크로스', 'cls': 'positive'}, {'text': 'OBV 상승', 'cls': 'positive'}, {'text': 'Squeeze 대기', 'cls': 'neutral'}, {'text': '📉 AI 예상: +0.0%', 'cls': 'negative'}]","{'mfc': 68, 'wyckoff': 80, 'stochastic': 91.68494739922691, 'obv': 75, 'bollinger': 0, 'momentum_quality': 61.9, 'regime_score': 50, 'rr_score': 67.2, 'base_tech': 67.4}","{'base_tech_score': 67.4, 'insider_bonus': 0.0, 'deviation_penalty': 0.0, 'blowoff_penalty': 0.0, 'short_excessive_penalty': 0.0, 'weekly_penalty': 0.0, 'resistance_penalty': 15, 'rr_penalty': 0.0, 'cmf_confluence_val': 0.0, 'penny_penalty': 0.0, 'penny_non_acc_penalty': 0.0, 'scalping_bonus': 0.0, 'fund_penalty': 0.0, 'macd_reversal_bonus': 0.0, 'sector_rs_bonus': 0.0, 'confluence_bonus': 8.0, 'short_squeeze_bonus': 0.0, 'ai_momentum_bonus': 0.0}",+0.00%,59.0,HOLD,+0.00%,0.5,0.25,1.52,1.52,False,False
BCH-USD,Bitcoin Cash USD,$214.50,214.5,,,-0.01,58.9,56.3,0.0,False,False,False,47.4,Accumulation,"{'trend': 55.0, 'momentum': 73.1, 'flow': 26.0, 'volatility': 83, 'structure': 75.0, 'momentum_quality': 61.1, 'insider': 45.0}",2.0,,0.0,Tactical Hold,매도 우위 (하방 경계 - 바닥 탐색 진행 중),True,하락,상단,골든크로스 진행,0.6,0.0,하락,-3747173854.426359,,,,,,"[{'text': '매집 구간', 'cls': 'positive'}, {'text': '⚠️ 주봉 역배열(하락추세)', 'cls': 'negative'}, {'text': 'Stoch 골든크로스', 'cls': 'positive'}, {'text': 'Squeeze 대기', 'cls': 'neutral'}, {'text': '📉 AI 예상: +0.0%', 'cls': 'negative'}]","{'mfc': 56, 'wyckoff': 100, 'stochastic': 52.60797174981228, 'obv': 25, 'bollinger': 0, 'momentum_quality': 61.1, 'regime_score': 50, 'rr_score': 100, 'base_tech': 56.2}","{'base_tech_score': 56.2, 'insider_bonus': 0.0, 'deviation_penalty': 0.0, 'blowoff_penalty': 0.0, 'short_excessive_penalty': 0.0, 'weekly_penalty': 10, 'resistance_penalty': 0.0, 'rr_penalty': 0.0, 'cmf_confluence_val': 0.0, 'penny_penalty': 0.0, 'penny_non_acc_penalty': 0.0, 'scalping_bonus': 0.0, 'fund_penalty': 0.0, 'macd_reversal_bonus': 0.0, 'sector_rs_bonus': 0.0, 'confluence_bonus': 0.0, 'short_squeeze_bonus': 0.0, 'ai_momentum_bonus': 0.0}",+0.00%,58.9,HOLD,+0.00%,0.5,0.73,0.78,0.78,False,False
DOGE-USD,Dogecoin USD,$0.07,0.07010000199079514,,,1.22,57.6,46.4,0.0,False,False,False,45.2,Markdown,"{'trend': 5, 'momentum': 73.2, 'flow': 57.0, 'volatility': 93, 'structure': 15.0, 'momentum_quality': 74.2, 'insider': 45.0}",2.0,,0.0,Tactical Hold,매도 우위 (비중 축소 - 지지선 단기 이탈 및 추세 악화),True,상승,하단,역배열,-0.3,0.0,하락,-11749160243.169811,,,,,,"[{'text': '하락 추세', 'cls': 'negative'}, {'text': '⚠️ 주봉 역배열(하락추세)', 'cls': 'negative'}, {'text': '🎯 시그널 컨플루언스 (3)', 'cls': 'positive'}, {'text': 'Stoch 골든크로스', 'cls': 'positive'}, {'text': 'OBV 상승', 'cls': 'positive'}, {'text': 'Squeeze 대기', 'cls': 'neutral'}, {'text': '📉 AI 예상: +0.0%', 'cls': 'negative'}]","{'mfc': 46, 'wyckoff': 10, 'stochastic': 70.5450076915103, 'obv': 75, 'bollinger': 100, 'momentum_quality': 74.2, 'regime_score': 50, 'rr_score': 100, 'base_tech': 54.6}","{'base_tech_score': 54.6, 'insider_bonus': 0.0, 'deviation_penalty': 0.0, 'blowoff_penalty': 0.0, 'short_excessive_penalty': 0.0, 'weekly_penalty': 10, 'resistance_penalty': 0.0, 'rr_penalty': 0.0, 'cmf_confluence_val': 0.0, 'penny_penalty': 0.0, 'penny_non_acc_penalty': 0.0, 'scalping_bonus': 0.0, 'fund_penalty': 0.0, 'macd_reversal_bonus': 0.0, 'sector_rs_bonus': 0.0, 'confluence_bonus': 8.0, 'short_squeeze_bonus': 0.0, 'ai_momentum_bonus': 0.0}",+0.00%,57.6,HOLD,+0.00%,0.5,0.55,0.46,0.46,False,False
LINK-USD,Chainlink USD,$8.40,8.404000282287598,,,2.75,57.6,52.1,0.0,False,False,False,54.3,Accumulation,"{'trend': 40.0, 'momentum': 66.9, 'flow': 51.0, 'volatility': 53, 'structure': 65.0, 'momentum_quality': 49.1, 'insider': 45.0}",2.0,,0.0,Aggressive Buy,매수 우위 (분할 매수 - 바닥 확인 후 모멘텀 턴어라운드),True,상승,상단,데드크로스 진행,1.0,0.0,하락,-2188361594.827015,,,,,,"[{'text': '매집 구간', 'cls': 'positive'}, {'text': '⚠️ 장기 매물대(저항선) 충돌 위험', 'cls': 'negative'}, {'text': 'Stoch 골든크로스', 'cls': 'positive'}, {'text': 'OBV 상승', 'cls': 'positive'}, {'text': '📉 AI 예상: +0.0%', 'cls': 'negative'}]","{'mfc': 52, 'wyckoff': 100, 'stochastic': 79.29379487207343, 'obv': 75, 'bollinger': 0, 'momentum_quality': 49.1, 'regime_score': 50, 'rr_score': 79.4, 'base_tech': 62.1}","{'base_tech_score': 62.1, 'insider_bonus': 0.0, 'deviation_penalty': 0.0, 'blowoff_penalty': 0.0, 'short_excessive_penalty': 0.0, 'weekly_penalty': 0.0, 'resistance_penalty': 15, 'rr_penalty': 0.0, 'cmf_confluence_val': 0.0, 'penny_penalty': 0.0, 'penny_non_acc_penalty': 0.0, 'scalping_bonus': 0.0, 'fund_penalty': 0.0, 'macd_reversal_bonus': 0.0, 'sector_rs_bonus': 0.0, 'confluence_bonus': 0.0, 'short_squeeze_bonus': 0.0, 'ai_momentum_bonus': 0.0}",+0.00%,57.6,HOLD,+0.00%,0.5,1.35,0.84,0.84,False,False
GRAM-USD,Gram (prev. Toncoin) USD,$1.33,1.3256056308746338,,,0.72,54.7,44.0,0.0,False,False,False,37.5,Distribution,"{'trend': 71.0, 'momentum': 36.7, 'flow': 17.0, 'volatility': 48, 'structure': 30.0, 'momentum_quality': 33.3, 'insider': 45.0}",2.0,,0.0,Underweight,매도 우위 (투매 경고 - 강한 하방 압력),False,하락,하단,혼합,-6.4,0.0,하락,-284799353.2443034,,,,,,"[{'text': '분산 경고', 'cls': 'negative'}, {'text': '📉 AI 예상: +0.0%', 'cls': 'negative'}]","{'mfc': 44, 'wyckoff': 30, 'stochastic': 38.33281581598983, 'obv': 25, 'bollinger': 100, 'momentum_quality': 33.3, 'regime_score': 50, 'rr_score': 100, 'base_tech': 41.4}","{'base_tech_score': 41.4, 'insider_bonus': 0.0, 'deviation_penalty': 0.0, 'blowoff_penalty': 0.0, 'short_excessive_penalty': 0.0, 'weekly_penalty': 0.0, 'resistance_penalty': 0.0, 'rr_penalty': 0.0, 'cmf_confluence_val': 0.0, 'penny_penalty': 0.0, 'penny_non_acc_penalty': 0.0, 'scalping_bonus': 0.0, 'fund_penalty': 0.0, 'macd_reversal_bonus': 0.0, 'sector_rs_bonus': 0.0, 'confluence_bonus': 0.0, 'short_squeeze_bonus': 0.0, 'ai_momentum_bonus': 0.0}",+0.00%,54.7,HOLD,+0.00%,0.5,0.01,0.43,0.43,False,False
XLM-USD,Stellar USD,$0.16,0.16103200614452362,,,-0.7,53.4,35.7,0.0,False,False,False,33.7,Distribution,"{'trend': 40.0, 'momentum': 42.1, 'flow': 0, 'volatility': 48, 'structure': 30.0, 'momentum_quality': 25.9, 'insider': 45.0}",2.0,,0.0,Underweight,매도 우위 (투매 경고 - 강한 하방 압력),True,하락,하단,혼합,-6.1,0.0,하락,-4430763408.516862,,,,,,"[{'text': '분산 경고', 'cls': 'negative'}, {'text': 'Stoch 골든크로스', 'cls': 'positive'}, {'text': '📉 AI 예상: +0.0%', 'cls': 'negative'}]","{'mfc': 36, 'wyckoff': 30, 'stochastic': 52.182579065410266, 'obv': 25, 'bollinger': 100, 'momentum_quality': 25.9, 'regime_score': 50, 'rr_score': 100, 'base_tech': 39.0}","{'base_tech_score': 39.0, 'insider_bonus': 0.0, 'deviation_penalty': 0.0, 'blowoff_penalty': 0.0, 'short_excessive_penalty': 0.0, 'weekly_penalty': 0.0, 'resistance_penalty': 0.0, 'rr_penalty': 0.0, 'cmf_confluence_val': -6, 'penny_penalty': 0.0, 'penny_non_acc_penalty': 0.0, 'scalping_bonus': 0.0, 'fund_penalty': 0.0, 'macd_reversal_bonus': 0.0, 'sector_rs_bonus': 0.0, 'confluence_bonus': 0.0, 'short_squeeze_bonus': 0.0, 'ai_momentum_bonus': 0.0}",+0.00%,53.4,HOLD,+0.00%,0.5,-0.16,0.22,0.22,False,False
XRP-USD,XRP USD,$1.01,1.0123000144958496,,,-1.61,51.8,30.4,0.0,False,False,False,35.3,Markdown,"{'trend': 5, 'momentum': 43.7, 'flow': 3.0, 'volatility': 78, 'structure': 15.0, 'momentum_quality': 27.9, 'insider': 45.0}",2.0,,0.0,Avoid / Sell-off,매도 우위 (전면 회피 - 다중지표 약세 컨플루언스 확인),True,하락,하단,역배열,-5.3,0.0,하락,-33438759676.567024,,,,,,"[{'text': '하락 추세', 'cls': 'negative'}, {'text': '⚠️ 주봉 역배열(하락추세)', 'cls': 'negative'}, {'text': 'Stoch 골든크로스', 'cls': 'positive'}, {'text': '📉 AI 예상: +0.0%', 'cls': 'negative'}]","{'mfc': 30, 'wyckoff': 10, 'stochastic': 50.70228363596685, 'obv': 25, 'bollinger': 100, 'momentum_quality': 27.9, 'regime_score': 50, 'rr_score': 100, 'base_tech': 33.7}","{'base_tech_score': 33.7, 'insider_bonus': 0.0, 'deviation_penalty': 0.0, 'blowoff_penalty': 0.0, 'short_excessive_penalty': 0.0, 'weekly_penalty': 10, 'resistance_penalty': 0.0, 'rr_penalty': 0.0, 'cmf_confluence_val': -6, 'penny_penalty': 0.0, 'penny_non_acc_penalty': 0.0, 'scalping_bonus': 0.0, 'fund_penalty': 0.0, 'macd_reversal_bonus': 0.0, 'sector_rs_bonus': 0.0, 'confluence_bonus': 0.0, 'short_squeeze_bonus': 0.0, 'ai_momentum_bonus': 0.0}",+0.00%,51.8,HOLD,+0.00%,0.5,0.14,0.69,0.69,False,False
LEO-USD,UNUS SED LEO USD,$9.50,9.502492904663086,,,-2.26,23.8,33.0,0.0,False,False,False,33.6,Markdown,"{'trend': 20.0, 'momentum': 29.3, 'flow': 11.0, 'volatility': 88, 'structure': 15.0, 'momentum_quality': 24.2, 'insider': 45.0}",2.0,,0.0,Avoid / Sell-off,매도 우위 (전면 회피 - 다중지표 약세 컨플루언스 확인),False,하락,하단 이탈,데드크로스 진행,-2.3,0.0,하락,26606451.32552332,,,,,,"[{'text': '하락 추세', 'cls': 'negative'}, {'text': 'Squeeze 대기', 'cls': 'neutral'}]","{'mfc': 33, 'wyckoff': 10, 'stochastic': 4.513406158752282, 'obv': 25, 'bollinger': 100, 'momentum_quality': 24.2, 'regime_score': 50, 'rr_score': 100, 'base_tech': 28.5}","{'base_tech_score': 28.5, 'insider_bonus': 0.0, 'deviation_penalty': 0.0, 'blowoff_penalty': 0.0, 'short_excessive_penalty': 0.0, 'weekly_penalty': 0.0, 'resistance_penalty': 0.0, 'rr_penalty': 0.0, 'cmf_confluence_val': 0.0, 'penny_penalty': 0.0, 'penny_non_acc_penalty': 0.0, 'scalping_bonus': 0.0, 'fund_penalty': 0.0, 'macd_reversal_bonus': 0.0, 'sector_rs_bonus': 0.0, 'confluence_bonus': 0.0, 'short_squeeze_bonus': 0.0, 'ai_momentum_bonus': 0.0}",N/A,,,,,-1.5,0.47,0.47,False,False
WBT-USD,WhiteBIT Coin USD,$55.23,55.229488372802734,,,-1.46,14.2,41.0,0.0,False,False,False,47.1,Markdown,"{'trend': 40.0, 'momentum': 48.3, 'flow': 17.0, 'volatility': 93, 'structure': 15.0, 'momentum_quality': 19.9, 'insider': 45.0}",2.0,,0.0,Tactical Hold,매도 우위 (비중 축소 - 지지선 단기 이탈 및 추세 악화),False,하락,하단,데드크로스 진행,-1.2,0.0,하락,-864708034.0259567,,,,,,"[{'text': '하락 추세', 'cls': 'negative'}, {'text': '⚠️ 장기 매물대(저항선) 충돌 위험', 'cls': 'negative'}, {'text': 'Squeeze 대기', 'cls': 'neutral'}]","{'mfc': 41, 'wyckoff': 10, 'stochastic': 42.9882783956932, 'obv': 25, 'bollinger': 100, 'momentum_quality': 19.9, 'regime_score': 50, 'rr_score': 100, 'base_tech': 35.3}","{'base_tech_score': 35.3, 'insider_bonus': 0.0, 'deviation_penalty': 0.0, 'blowoff_penalty': 0.0, 'short_excessive_penalty': 0.0, 'weekly_penalty': 0.0, 'resistance_penalty': 15, 'rr_penalty': 0.0, 'cmf_confluence_val': 0.0, 'penny_penalty': 0.0, 'penny_non_acc_penalty': 0.0, 'scalping_bonus': 0.0, 'fund_penalty': 0.0, 'macd_reversal_bonus': 0.0, 'sector_rs_bonus': 0.0, 'confluence_bonus': 0.0, 'short_squeeze_bonus': 0.0, 'ai_momentum_bonus': 0.0}",N/A,,,,,0.1,0.39,0.39,False,False
RAD-USD,Radworks USD,$0.28,0.28299999237060547,,,35.91,5.5,67.2,0.0,False,False,False,88.1,Distribution,"{'trend': 88.0, 'momentum': 82.5, 'flow': 100, 'volatility': 13, 'structure': 30.0, 'momentum_quality': 98.2, 'insider': 45.0}",2.0,,0.0,Underweight,"매도 우위 (현금화 - 극단적 과열, 차익실현 필수)",True,상승,상단 돌파,골든크로스 진행,33.9,8.0,상승,-338281985.2256404,,,,,,"[{'text': '분산 경고', 'cls': 'negative'}, {'text': '⚠️ 이격도 과다', 'cls': 'negative'}, {'text': '🚨 상단 클라이맥스', 'cls': 'negative'}, {'text': '⚠️ 주봉 역배열(하락추세)', 'cls': 'negative'}, {'text': '🔥 Accumulation Confluence (CMF+ADL)', 'cls': 'positive'}, {'text': 'Stoch 골든크로스', 'cls': 'positive'}, {'text': 'OBV 상승', 'cls': 'positive'}]","{'mfc': 67, 'wyckoff': 30, 'stochastic': 87.44511008418871, 'obv': 75, 'bollinger': 0, 'momentum_quality': 98.2, 'regime_score': 40, 'rr_score': 54.1, 'base_tech': 63.1}","{'base_tech_score': 63.1, 'insider_bonus': 0.0, 'deviation_penalty': 20, 'blowoff_penalty': 30, 'short_excessive_penalty': 0.0, 'weekly_penalty': 10, 'resistance_penalty': 0.0, 'rr_penalty': 0.0, 'cmf_confluence_val': 0.0, 'penny_penalty': 0.0, 'penny_non_acc_penalty': 0.0, 'scalping_bonus': 8.0, 'fund_penalty': 0.0, 'macd_reversal_bonus': 0.0, 'sector_rs_bonus': 0.0, 'confluence_bonus': 0.0, 'short_squeeze_bonus': 0.0, 'ai_momentum_bonus': 0.0}",N/A,,,,,0.54,5.2,5.2,False,False
